2010,6,24,18,1,ALEX,15.9,-82.0,25,1007
2010,6,25,0,1,ALEX,16.0,-82.1,25,1006
2010,6,25,6,1,ALEX,16.1,-82.3,25,1006
2010,6,25,12,1,ALEX,16.2,-82.5,30,1005
2010,6,25,18,1,ALEX,16.4,-83.1,30,1005
2010,6,26,0,1,ALEX,16.6,-83.9,30,1004
2010,6,26,6,1,ALEX,16.7,-84.9,40,1004
2010,6,26,12,1,ALEX,16.9,-86.1,40,1004
2010,6,26,18,1,ALEX,17.2,-87.2,55,996
2010,6,27,0,1,ALEX,17.5,-88.2,55,995
2010,6,27,6,1,ALEX,18.0,-89.1,55,991
2010,6,27,12,1,ALEX,18.5,-90.0,45,992
2010,6,27,18,1,ALEX,18.9,-90.7,35,993
2010,6,28,0,1,ALEX,19.2,-91.1,40,991
2010,6,28,6,1,ALEX,19.5,-91.4,40,991
2010,6,28,12,1,ALEX,20.0,-91.6,50,989
2010,6,28,18,1,ALEX,20.3,-91.7,50,990
2010,6,29,0,1,ALEX,20.7,-91.7,55,987
2010,6,29,6,1,ALEX,21.5,-91.9,55,985
2010,6,29,12,1,ALEX,22.4,-92.7,60,983
2010,6,29,18,1,ALEX,22.9,-93.6,60,981
2010,6,30,0,1,ALEX,23.0,-94.4,65,973
2010,6,30,6,1,ALEX,23.1,-94.8,70,966
2010,6,30,12,1,ALEX,23.5,-95.2,75,958
2010,6,30,15,1,ALEX,24.0,-95.5,75,958
2010,6,30,18,1,ALEX,24.3,-96.2,80,962
2010,7,1,0,1,ALEX,24.3,-97.3,90,948
2010,7,1,2,1,ALEX,24.2,-97.7,95,946
2010,7,1,6,1,ALEX,24.1,-98.4,75,963
2010,7,1,12,1,ALEX,23.5,-99.5,60,977
2010,7,1,18,1,ALEX,23.1,-100.7,40,987
2010,7,2,0,1,ALEX,23.2,-101.9,30,997
2010,7,7,6,2,TWO,21.5,-91.1,25,1006
2010,7,7,12,2,TWO,22.1,-92.0,25,1006
2010,7,7,18,2,TWO,22.8,-92.8,30,1006
2010,7,8,0,2,TWO,23.7,-93.7,30,1005
2010,7,8,6,2,TWO,24.7,-95.0,30,1006
2010,7,8,12,2,TWO,26.1,-96.6,30,1006
2010,7,8,14,2,TWO,26.1,-97.1,30,1006
2010,7,8,18,2,TWO,26.1,-97.8,25,1007
2010,7,9,0,2,TWO,25.9,-98.8,25,1007
2010,7,9,6,2,TWO,26.1,-99.7,20,1008
2010,7,9,12,2,TWO,26.5,-100.6,20,1009
2010,7,9,18,2,TWO,27.3,-101.3,20,1010
2010,7,10,0,2,TWO,28.1,-102.2,20,1010
2010,7,22,6,3,BONNIE,21.5,-73.8,30,1009
2010,7,22,12,3,BONNIE,21.7,-74.4,30,1008
2010,7,22,18,3,BONNIE,22.2,-74.9,30,1007
2010,7,22,23,3,BONNIE,23.0,-75.7,35,1006
2010,7,23,0,3,BONNIE,23.1,-75.9,35,1006
2010,7,23,5,3,BONNIE,23.7,-77.5,40,1005
2010,7,23,6,3,BONNIE,23.8,-77.8,40,1005
2010,7,23,12,3,BONNIE,24.8,-79.7,35,1006
2010,7,23,14,3,BONNIE,25.4,-80.2,35,1007
2010,7,23,18,3,BONNIE,25.8,-81.1,30,1008
2010,7,24,0,3,BONNIE,26.3,-82.6,30,1010
2010,7,24,6,3,BONNIE,26.7,-84.4,30,1013
2010,7,24,12,3,BONNIE,27.5,-85.9,25,1013
2010,7,24,18,3,BONNIE,28.1,-87.1,25,1013
2010,7,25,0,3,BONNIE,28.6,-88.3,25,1012
2010,7,25,6,3,BONNIE,29.2,-89.5,25,1012
2010,7,25,12,3,BONNIE,29.8,-90.5,20,1012
2010,7,25,18,3,BONNIE,30.1,-91.0,15,1014
2010,8,2,12,4,COLIN,12.5,-40.7,30,1007
2010,8,2,18,4,COLIN,12.9,-42.4,30,1007
2010,8,3,0,4,COLIN,13.3,-44.4,30,1007
2010,8,3,6,4,COLIN,13.7,-46.6,35,1006
2010,8,3,12,4,COLIN,14.3,-49.3,35,1007
2010,8,3,18,4,COLIN,15.3,-52.2,35,1009
2010,8,4,0,4,COLIN,16.1,-54.8,35,1009
2010,8,4,6,4,COLIN,17.0,-57.2,35,1009
2010,8,4,12,4,COLIN,18.0,-59.5,35,1009
2010,8,4,18,4,COLIN,19.2,-61.1,40,1009
2010,8,5,0,4,COLIN,20.4,-62.5,40,1009
2010,8,5,6,4,COLIN,21.7,-63.7,40,1009
2010,8,5,12,4,COLIN,23.0,-64.9,40,1008
2010,8,5,18,4,COLIN,24.4,-65.8,45,1007
2010,8,5,21,4,COLIN,25.0,-66.1,50,1005
2010,8,6,0,4,COLIN,25.6,-66.6,50,1006
2010,8,6,6,4,COLIN,26.4,-67.2,40,1007
2010,8,6,12,4,COLIN,27.0,-67.1,40,1007
2010,8,6,18,4,COLIN,27.7,-66.9,40,1008
2010,8,7,0,4,COLIN,28.5,-66.6,40,1008
2010,8,7,6,4,COLIN,28.9,-66.4,35,1009
2010,8,7,12,4,COLIN,29.1,-66.2,35,1010
2010,8,7,18,4,COLIN,29.3,-65.9,35,1012
2010,8,8,0,4,COLIN,29.7,-65.7,30,1012
2010,8,8,6,4,COLIN,30.3,-65.7,30,1013
2010,8,10,6,5,FIVE,25.7,-83.0,25,1008
2010,8,10,12,5,FIVE,25.7,-83.3,25,1008
2010,8,10,18,5,FIVE,25.9,-83.7,30,1008
2010,8,11,0,5,FIVE,26.1,-84.1,30,1008
2010,8,11,6,5,FIVE,26.5,-85.0,30,1008
2010,8,11,12,5,FIVE,27.1,-86.1,25,1008
2010,8,11,18,5,FIVE,28.0,-87.5,25,1009
2010,8,12,0,5,FIVE,29.0,-88.4,25,1009
2010,8,12,6,5,FIVE,29.4,-88.8,25,1008
2010,8,12,12,5,FIVE,29.7,-89.0,25,1008
2010,8,12,18,5,FIVE,29.8,-89.0,25,1008
2010,8,13,0,5,FIVE,30.0,-88.9,25,1007
2010,8,13,6,5,FIVE,30.4,-88.8,25,1007
2010,8,13,12,5,FIVE,30.8,-88.6,25,1008
2010,8,13,18,5,FIVE,31.4,-88.0,25,1008
2010,8,14,0,5,FIVE,32.0,-87.3,20,1009
2010,8,14,6,5,FIVE,32.5,-86.5,15,1010
2010,8,14,12,5,FIVE,32.8,-85.9,15,1011
2010,8,14,18,5,FIVE,33.0,-85.4,15,1012
2010,8,15,0,5,FIVE,32.8,-85.0,15,1012
2010,8,15,6,5,FIVE,32.5,-84.9,15,1013
2010,8,15,12,5,FIVE,32.0,-85.0,15,1013
2010,8,15,18,5,FIVE,31.5,-85.1,20,1013
2010,8,16,0,5,FIVE,30.8,-85.3,20,1011
2010,8,16,6,5,FIVE,30.0,-85.6,20,1010
2010,8,16,12,5,FIVE,29.3,-86.0,20,1009
2010,8,16,18,5,FIVE,29.3,-86.8,25,1008
2010,8,17,0,5,FIVE,29.6,-87.7,25,1007
2010,8,17,6,5,FIVE,30.0,-88.6,25,1008
2010,8,17,12,5,FIVE,30.7,-89.4,25,1008
2010,8,17,18,5,FIVE,31.3,-90.3,20,1009
2010,8,18,0,5,FIVE,31.7,-91.0,15,1010
2010,8,21,12,6,DANIELLE,10.7,-31.1,25,1009
2010,8,21,18,6,DANIELLE,11.0,-31.7,25,1008
2010,8,22,0,6,DANIELLE,11.4,-32.4,30,1007
2010,8,22,6,6,DANIELLE,11.8,-33.1,35,1005
2010,8,22,12,6,DANIELLE,12.4,-33.9,35,1005
2010,8,22,18,6,DANIELLE,13.2,-34.8,35,1004
2010,8,23,0,6,DANIELLE,13.8,-35.9,45,1000
2010,8,23,6,6,DANIELLE,14.2,-37.4,50,997
2010,8,23,12,6,DANIELLE,14.7,-39.1,55,994
2010,8,23,18,6,DANIELLE,15.2,-40.9,65,987
2010,8,24,0,6,DANIELLE,15.4,-42.6,75,982
2010,8,24,6,6,DANIELLE,15.6,-44.2,80,977
2010,8,24,12,6,DANIELLE,16.2,-45.8,70,984
2010,8,24,18,6,DANIELLE,17.0,-47.5,65,987
2010,8,25,0,6,DANIELLE,17.7,-49.0,70,984
2010,8,25,6,6,DANIELLE,18.4,-50.4,70,984
2010,8,25,12,6,DANIELLE,19.4,-51.6,70,984
2010,8,25,18,6,DANIELLE,20.7,-52.6,75,980
2010,8,26,0,6,DANIELLE,22.0,-53.6,80,977
2010,8,26,6,6,DANIELLE,23.1,-54.6,85,973
2010,8,26,12,6,DANIELLE,24.0,-55.4,85,973
2010,8,26,18,6,DANIELLE,24.8,-56.4,90,970
2010,8,27,0,6,DANIELLE,25.6,-57.3,95,966
2010,8,27,6,6,DANIELLE,26.2,-58.3,110,953
2010,8,27,12,6,DANIELLE,26.5,-59.3,110,948
2010,8,27,18,6,DANIELLE,27.1,-60.1,115,942
2010,8,28,0,6,DANIELLE,27.7,-60.5,105,946
2010,8,28,6,6,DANIELLE,28.3,-61.0,95,950
2010,8,28,12,6,DANIELLE,28.9,-60.8,95,952
2010,8,28,18,6,DANIELLE,29.6,-60.2,90,955
2010,8,29,0,6,DANIELLE,30.9,-59.2,85,958
2010,8,29,6,6,DANIELLE,32.4,-57.9,80,964
2010,8,29,12,6,DANIELLE,34.7,-56.2,75,966
2010,8,29,18,6,DANIELLE,37.3,-55.0,75,968
2010,8,30,0,6,DANIELLE,38.7,-53.8,70,969
2010,8,30,6,6,DANIELLE,40.0,-52.8,65,970
2010,8,30,12,6,DANIELLE,40.6,-51.6,65,970
2010,8,30,18,6,DANIELLE,41.0,-50.2,60,973
2010,8,31,0,6,DANIELLE,41.1,-48.0,60,976
2010,8,31,6,6,DANIELLE,41.2,-44.8,55,981
2010,8,31,12,6,DANIELLE,41.3,-41.0,55,985
2010,8,31,18,6,DANIELLE,42.1,-35.9,50,987
2010,9,1,0,6,DANIELLE,43.5,-30.4,45,988
2010,9,1,6,6,DANIELLE,44.8,-26.3,40,990
2010,9,1,12,6,DANIELLE,46.2,-24.0,40,991
2010,9,1,18,6,DANIELLE,47.9,-22.0,40,992
2010,9,2,0,6,DANIELLE,49.5,-20.7,40,994
2010,9,2,6,6,DANIELLE,51.1,-19.9,40,995
2010,9,2,12,6,DANIELLE,53.0,-20.3,35,996
2010,9,2,18,6,DANIELLE,55.0,-21.5,35,998
2010,9,3,0,6,DANIELLE,57.5,-23.0,30,998
2010,8,24,0,7,EARL,12.4,-19.3,25,1009
2010,8,24,6,7,EARL,12.8,-20.9,25,1009
2010,8,24,12,7,EARL,13.2,-22.6,30,1008
2010,8,24,18,7,EARL,13.6,-24.3,30,1008
2010,8,25,0,7,EARL,13.9,-26.0,30,1008
2010,8,25,6,7,EARL,14.1,-27.8,30,1007
2010,8,25,12,7,EARL,14.3,-29.7,35,1006
2010,8,25,18,7,EARL,14.5,-31.5,35,1006
2010,8,26,0,7,EARL,14.7,-33.0,35,1006
2010,8,26,6,7,EARL,14.9,-34.5,40,1004
2010,8,26,12,7,EARL,15.1,-36.0,40,1004
2010,8,26,18,7,EARL,15.3,-37.7,40,1004
2010,8,27,0,7,EARL,15.5,-39.4,40,1004
2010,8,27,6,7,EARL,15.7,-41.2,40,1004
2010,8,27,12,7,EARL,15.8,-43.1,40,1004
2010,8,27,18,7,EARL,15.9,-45.0,40,1004
2010,8,28,0,7,EARL,16.0,-47.0,45,1000
2010,8,28,6,7,EARL,16.1,-49.0,50,996
2010,8,28,12,7,EARL,16.2,-51.0,50,996
2010,8,28,18,7,EARL,16.3,-53.0,50,996
2010,8,29,0,7,EARL,16.5,-54.8,55,991
2010,8,29,6,7,EARL,16.7,-56.5,55,991
2010,8,29,12,7,EARL,17.0,-58.0,65,985
2010,8,29,18,7,EARL,17.3,-59.3,75,978
2010,8,30,0,7,EARL,17.7,-60.6,85,971
2010,8,30,6,7,EARL,18.1,-61.9,95,967
2010,8,30,12,7,EARL,18.5,-63.1,105,965
2010,8,30,18,7,EARL,19.0,-64.2,115,954
2010,8,31,0,7,EARL,19.6,-65.3,115,938
2010,8,31,6,7,EARL,20.2,-66.4,115,931
2010,8,31,12,7,EARL,20.9,-67.5,115,935
2010,8,31,18,7,EARL,21.6,-68.4,115,940
2010,9,1,0,7,EARL,22.5,-69.4,110,940
2010,9,1,6,7,EARL,23.6,-70.5,105,941
2010,9,1,12,7,EARL,24.7,-71.6,110,942
2010,9,1,18,7,EARL,25.9,-72.7,115,941
2010,9,2,0,7,EARL,27.2,-73.5,120,932
2010,9,2,6,7,EARL,28.6,-74.3,125,927
2010,9,2,12,7,EARL,30.1,-74.8,115,935
2010,9,2,18,7,EARL,31.7,-75.1,100,943
2010,9,3,0,7,EARL,33.0,-74.9,90,949
2010,9,3,6,7,EARL,34.5,-74.2,85,955
2010,9,3,12,7,EARL,36.1,-73.4,75,959
2010,9,3,18,7,EARL,37.6,-72.2,70,960
2010,9,4,0,7,EARL,39.1,-70.6,60,961
2010,9,4,6,7,EARL,40.7,-68.4,60,961
2010,9,4,12,7,EARL,43.0,-65.7,65,961
2010,9,4,15,7,EARL,44.3,-64.5,65,962
2010,9,4,18,7,EARL,45.5,-63.2,65,965
2010,9,4,19,7,EARL,46.0,-62.7,60,967
2010,9,5,0,7,EARL,48.4,-60.2,55,971
2010,9,5,6,7,EARL,50.6,-57.5,50,978
2010,9,5,12,7,EARL,52.4,-55.4,45,987
2010,9,5,18,7,EARL,54.0,-54.1,40,992
2010,9,6,0,7,EARL,55.7,-53.5,35,994
2010,8,30,0,8,FIONA,14.0,-41.8,25,1007
2010,8,30,6,8,FIONA,14.1,-43.8,30,1007
2010,8,30,12,8,FIONA,14.4,-45.7,30,1007
2010,8,30,18,8,FIONA,14.9,-47.7,35,1007
2010,8,31,0,8,FIONA,15.5,-50.0,35,1007
2010,8,31,6,8,FIONA,15.9,-52.5,35,1006
2010,8,31,12,8,FIONA,16.1,-54.8,35,1006
2010,8,31,18,8,FIONA,16.3,-56.9,40,1006
2010,9,1,0,8,FIONA,16.6,-58.5,45,1004
2010,9,1,6,8,FIONA,17.2,-59.8,50,1001
2010,9,1,12,8,FIONA,18.2,-61.0,50,998
2010,9,1,18,8,FIONA,19.5,-62.5,55,999
2010,9,2,0,8,FIONA,21.0,-63.8,50,1000
2010,9,2,6,8,FIONA,22.3,-64.9,45,1001
2010,9,2,12,8,FIONA,23.6,-65.9,45,1002
2010,9,2,18,8,FIONA,25.0,-66.6,45,1003
2010,9,3,0,8,FIONA,26.3,-67.0,40,1005
2010,9,3,6,8,FIONA,27.5,-67.0,40,1007
2010,9,3,12,8,FIONA,28.5,-66.7,35,1010
2010,9,3,18,8,FIONA,29.6,-66.0,35,1011
2010,9,4,0,8,FIONA,30.7,-65.0,35,1011
2010,9,4,6,8,FIONA,31.8,-63.9,30,1011
2010,9,4,12,8,FIONA,32.9,-62.9,25,1011
2010,9,4,18,8,FIONA,34.1,-62.0,25,1011
2010,9,1,0,9,GASTON,12.2,-32.2,25,1008
2010,9,1,6,9,GASTON,12.4,-33.6,30,1007
2010,9,1,12,9,GASTON,12.7,-35.0,35,1005
2010,9,1,18,9,GASTON,12.9,-36.1,35,1005
2010,9,2,0,9,GASTON,13.1,-37.2,30,1006
2010,9,2,6,9,GASTON,13.2,-38.0,30,1007
2010,9,2,12,9,GASTON,13.3,-38.8,30,1008
2010,9,2,18,9,GASTON,13.5,-39.5,25,1009
2010,9,3,0,9,GASTON,13.8,-40.1,25,1009
2010,9,3,6,9,GASTON,14.1,-40.6,25,1009
2010,9,3,12,9,GASTON,14.5,-41.3,25,1009
2010,9,3,18,9,GASTON,15.0,-42.0,25,1008
2010,9,4,0,9,GASTON,15.4,-43.0,25,1008
2010,9,4,6,9,GASTON,15.9,-44.2,30,1008
2010,9,4,12,9,GASTON,16.3,-45.5,30,1008
2010,9,4,18,9,GASTON,16.5,-46.6,30,1008
2010,9,5,0,9,GASTON,16.7,-47.7,25,1009
2010,9,5,6,9,GASTON,16.8,-48.8,25,1009
2010,9,5,12,9,GASTON,16.9,-50.0,30,1008
2010,9,5,18,9,GASTON,17.0,-51.2,30,1008
2010,9,6,0,9,GASTON,17.1,-52.6,30,1008
2010,9,6,6,9,GASTON,17.3,-54.0,30,1009
2010,9,6,12,9,GASTON,17.4,-55.5,30,1009
2010,9,6,18,9,GASTON,17.5,-57.2,25,1010
2010,9,7,0,9,GASTON,17.4,-59.0,25,1010
2010,9,7,6,9,GASTON,17.1,-60.8,25,1010
2010,9,7,12,9,GASTON,16.8,-62.7,25,1010
2010,9,7,18,9,GASTON,16.8,-64.6,25,1010
2010,9,8,0,9,GASTON,17.0,-66.3,25,1010
2010,9,8,6,9,GASTON,17.4,-67.7,25,1010
2010,9,4,18,10,HERMINE,17.5,-95.6,20,1006
2010,9,5,0,10,HERMINE,18.3,-95.6,20,1006
2010,9,5,6,10,HERMINE,19.0,-95.6,20,1006
2010,9,5,12,10,HERMINE,19.5,-95.6,20,1006
2010,9,5,18,10,HERMINE,20.0,-95.5,25,1004
2010,9,6,0,10,HERMINE,20.7,-95.0,30,1002
2010,9,6,6,10,HERMINE,21.8,-95.1,40,1001
2010,9,6,12,10,HERMINE,23.0,-95.6,45,998
2010,9,6,18,10,HERMINE,24.0,-96.5,50,995
2010,9,7,0,10,HERMINE,24.9,-97.2,55,991
2010,9,7,2,10,HERMINE,25.3,-97.4,60,989
2010,9,7,6,10,HERMINE,26.2,-97.7,55,990
2010,9,7,12,10,HERMINE,27.7,-98.1,45,991
2010,9,7,18,10,HERMINE,29.4,-98.6,40,996
2010,9,8,0,10,HERMINE,30.6,-99.1,30,1003
2010,9,8,6,10,HERMINE,31.6,-99.5,25,1004
2010,9,8,12,10,HERMINE,32.7,-99.5,20,1005
2010,9,8,18,10,HERMINE,33.7,-98.7,20,1005
2010,9,9,0,10,HERMINE,34.7,-97.9,20,1005
2010,9,9,6,10,HERMINE,35.5,-97.2,20,1005
2010,9,9,12,10,HERMINE,36.3,-96.4,20,1005
2010,9,9,18,10,HERMINE,37.0,-95.5,20,1005
2010,9,10,0,10,HERMINE,37.5,-95.0,20,1005
2010,9,8,6,11,IGOR,14.0,-22.7,30,1006
2010,9,8,12,11,IGOR,13.8,-23.3,40,1005
2010,9,8,18,11,IGOR,13.8,-23.7,40,1005
2010,9,9,0,11,IGOR,13.8,-24.1,40,1005
2010,9,9,6,11,IGOR,13.9,-24.8,35,1005
2010,9,9,12,11,IGOR,14.2,-25.5,30,1006
2010,9,9,18,11,IGOR,14.7,-26.4,30,1006
2010,9,10,0,11,IGOR,15.4,-27.5,30,1004
2010,9,10,6,11,IGOR,15.9,-28.7,30,1004
2010,9,10,12,11,IGOR,16.3,-30.4,35,1004
2010,9,10,18,11,IGOR,16.6,-32.5,40,1002
2010,9,11,0,11,IGOR,16.9,-34.8,50,999
2010,9,11,6,11,IGOR,17.1,-37.0,60,995
2010,9,11,12,11,IGOR,17.3,-38.7,60,995
2010,9,11,18,11,IGOR,17.4,-40.4,60,995
2010,9,12,0,11,IGOR,17.6,-42.0,65,987
2010,9,12,6,11,IGOR,17.7,-43.5,70,985
2010,9,12,12,11,IGOR,17.7,-44.9,90,970
2010,9,12,18,11,IGOR,17.7,-46.1,115,948
2010,9,13,0,11,IGOR,17.7,-47.3,130,935
2010,9,13,6,11,IGOR,17.6,-48.3,130,935
2010,9,13,12,11,IGOR,17.6,-49.3,130,933
2010,9,13,18,11,IGOR,17.6,-50.2,125,937
2010,9,14,0,11,IGOR,17.7,-50.9,125,937
2010,9,14,6,11,IGOR,17.9,-51.5,115,945
2010,9,14,12,11,IGOR,18.2,-52.1,115,945
2010,9,14,18,11,IGOR,18.6,-52.8,125,933
2010,9,15,0,11,IGOR,18.9,-53.5,135,924
2010,9,15,6,11,IGOR,19.2,-54.1,125,935
2010,9,15,12,11,IGOR,19.5,-54.7,115,945
2010,9,15,18,11,IGOR,19.8,-55.3,115,942
2010,9,16,0,11,IGOR,20.1,-56.0,120,936
2010,9,16,6,11,IGOR,20.4,-56.5,125,929
2010,9,16,12,11,IGOR,20.8,-57.1,120,934
2010,9,16,18,11,IGOR,21.4,-57.8,115,940
2010,9,17,0,11,IGOR,21.8,-58.4,115,935
2010,9,17,6,11,IGOR,22.2,-59.1,110,935
2010,9,17,12,11,IGOR,22.8,-59.9,100,945
2010,9,17,18,11,IGOR,23.5,-60.7,90,947
2010,9,18,0,11,IGOR,24.2,-61.6,90,947
2010,9,18,6,11,IGOR,24.9,-62.5,85,939
2010,9,18,12,11,IGOR,25.7,-63.3,85,939
2010,9,18,18,11,IGOR,26.6,-64.0,80,945
2010,9,19,0,11,IGOR,27.5,-64.6,80,945
2010,9,19,6,11,IGOR,28.4,-65.2,75,949
2010,9,19,12,11,IGOR,29.6,-65.6,75,949
2010,9,19,18,11,IGOR,30.8,-65.9,70,952
2010,9,20,0,11,IGOR,31.9,-65.7,65,953
2010,9,20,6,11,IGOR,33.2,-65.2,65,957
2010,9,20,12,11,IGOR,35.1,-64.2,65,960
2010,9,20,18,11,IGOR,37.2,-62.6,65,960
2010,9,21,0,11,IGOR,39.0,-60.4,65,960
2010,9,21,6,11,IGOR,41.5,-57.0,65,960
2010,9,21,12,11,IGOR,44.8,-54.4,65,955
2010,9,21,15,11,IGOR,46.6,-53.2,75,950
2010,9,21,18,11,IGOR,48.5,-52.1,75,950
2010,9,22,0,11,IGOR,51.5,-50.5,75,950
2010,9,22,6,11,IGOR,53.5,-49.5,70,950
2010,9,22,12,11,IGOR,55.5,-49.4,70,950
2010,9,22,18,11,IGOR,57.0,-50.0,65,955
2010,9,23,0,11,IGOR,58.5,-51.0,60,960
2010,9,12,6,12,JULIA,12.9,-20.5,30,1007
2010,9,12,12,12,JULIA,13.0,-21.3,30,1006
2010,9,12,18,12,JULIA,13.1,-22.1,35,1005
2010,9,13,0,12,JULIA,13.5,-23.1,40,1004
2010,9,13,6,12,JULIA,14.0,-24.2,40,1004
2010,9,13,12,12,JULIA,14.5,-25.4,40,1004
2010,9,13,18,12,JULIA,15.0,-26.5,45,1003
2010,9,14,0,12,JULIA,15.3,-27.5,45,1002
2010,9,14,6,12,JULIA,15.6,-28.4,60,994
2010,9,14,12,12,JULIA,15.9,-29.2,70,987
2010,9,14,18,12,JULIA,16.1,-29.9,80,979
2010,9,15,0,12,JULIA,16.4,-30.6,90,973
2010,9,15,6,12,JULIA,16.9,-31.4,110,956
2010,9,15,12,12,JULIA,17.7,-32.2,120,948
2010,9,15,18,12,JULIA,18.8,-33.0,115,951
2010,9,16,0,12,JULIA,19.9,-34.1,105,958
2010,9,16,6,12,JULIA,20.9,-35.8,100,962
2010,9,16,12,12,JULIA,21.8,-37.7,90,970
2010,9,16,18,12,JULIA,22.7,-40.0,80,977
2010,9,17,0,12,JULIA,23.1,-42.0,75,981
2010,9,17,6,12,JULIA,23.5,-44.0,75,981
2010,9,17,12,12,JULIA,23.9,-45.8,70,983
2010,9,17,18,12,JULIA,24.6,-47.4,65,986
2010,9,18,0,12,JULIA,25.6,-48.7,60,988
2010,9,18,6,12,JULIA,26.9,-49.8,55,991
2010,9,18,12,12,JULIA,28.3,-50.7,50,994
2010,9,18,18,12,JULIA,29.8,-51.4,50,993
2010,9,19,0,12,JULIA,31.4,-51.8,55,989
2010,9,19,6,12,JULIA,32.8,-52.0,50,993
2010,9,19,12,12,JULIA,33.9,-51.4,45,995
2010,9,19,18,12,JULIA,34.6,-50.2,45,995
2010,9,20,0,12,JULIA,34.9,-49.2,45,995
2010,9,20,6,12,JULIA,34.9,-48.0,40,997
2010,9,20,12,12,JULIA,34.7,-46.9,40,999
2010,9,20,18,12,JULIA,34.6,-46.0,40,1002
2010,9,21,0,12,JULIA,34.4,-45.1,40,1003
2010,9,21,6,12,JULIA,34.4,-44.1,35,1004
2010,9,21,12,12,JULIA,34.5,-43.0,35,1005
2010,9,21,18,12,JULIA,34.5,-41.9,30,1006
2010,9,22,0,12,JULIA,34.3,-40.9,30,1007
2010,9,22,6,12,JULIA,33.9,-39.9,30,1007
2010,9,22,12,12,JULIA,33.6,-38.8,30,1007
2010,9,22,18,12,JULIA,33.2,-38.0,30,1008
2010,9,23,0,12,JULIA,33.0,-37.8,30,1008
2010,9,23,6,12,JULIA,32.7,-37.7,30,1009
2010,9,23,12,12,JULIA,32.4,-37.8,30,1009
2010,9,23,18,12,JULIA,32.0,-38.6,30,1010
2010,9,24,0,12,JULIA,31.5,-40.0,30,1010
2010,9,24,6,12,JULIA,31.2,-41.6,30,1011
2010,9,24,12,12,JULIA,30.9,-43.1,30,1011
2010,9,24,18,12,JULIA,30.6,-44.3,30,1012
2010,9,13,18,13,KARL,16.3,-78.5,25,1005
2010,9,14,0,13,KARL,16.6,-79.8,25,1004
2010,9,14,6,13,KARL,17.0,-81.1,25,1003
2010,9,14,12,13,KARL,17.6,-82.3,30,1003
2010,9,14,18,13,KARL,18.1,-83.6,35,1001
2010,9,15,0,13,KARL,18.3,-85.0,40,999
2010,9,15,6,13,KARL,18.3,-86.2,55,997
2010,9,15,12,13,KARL,18.5,-87.6,55,991
2010,9,15,12,13,KARL,18.5,-87.8,55,991
2010,9,15,18,13,KARL,18.8,-88.8,45,994
2010,9,16,0,13,KARL,19.2,-90.1,40,997
2010,9,16,6,13,KARL,19.4,-91.1,45,994
2010,9,16,12,13,KARL,19.6,-92.2,55,986
2010,9,16,18,13,KARL,19.6,-93.3,70,982
2010,9,17,0,13,KARL,19.7,-94.1,85,971
2010,9,17,6,13,KARL,19.7,-94.9,95,966
2010,9,17,12,13,KARL,19.6,-95.6,110,956
2010,9,17,15,13,KARL,19.4,-96.0,110,970
2010,9,17,16,13,KARL,19.3,-96.2,100,976
2010,9,17,18,13,KARL,19.2,-96.4,90,979
2010,9,18,0,13,KARL,18.7,-97.1,60,995
2010,9,18,6,13,KARL,18.6,-97.4,25,1005
2010,9,20,0,14,LISA,15.2,-32.0,25,1008
2010,9,20,6,14,LISA,15.5,-32.1,25,1007
2010,9,20,12,14,LISA,15.9,-32.1,25,1007
2010,9,20,18,14,LISA,16.3,-32.0,30,1006
2010,9,21,0,14,LISA,16.8,-31.9,35,1005
2010,9,21,6,14,LISA,17.3,-31.8,40,1003
2010,9,21,12,14,LISA,17.7,-31.7,40,1002
2010,9,21,18,14,LISA,17.8,-31.5,40,1002
2010,9,22,0,14,LISA,17.6,-31.3,35,1003
2010,9,22,6,14,LISA,17.3,-30.9,35,1003
2010,9,22,12,14,LISA,17.3,-30.4,35,1003
2010,9,22,18,14,LISA,17.4,-30.0,30,1005
2010,9,23,0,14,LISA,17.5,-29.7,30,1005
2010,9,23,6,14,LISA,17.5,-29.3,30,1005
2010,9,23,12,14,LISA,17.5,-28.8,35,1004
2010,9,23,18,14,LISA,17.6,-28.3,35,1003
2010,9,24,0,14,LISA,17.9,-28.0,35,1002
2010,9,24,6,14,LISA,18.3,-27.7,40,1001
2010,9,24,12,14,LISA,19.0,-27.6,50,998
2010,9,24,18,14,LISA,19.7,-27.7,60,993
2010,9,24,21,14,LISA,20.0,-27.7,65,988
2010,9,25,0,14,LISA,20.4,-27.8,75,982
2010,9,25,6,14,LISA,21.3,-28.0,70,986
2010,9,25,12,14,LISA,22.3,-28.3,60,990
2010,9,25,18,14,LISA,23.2,-28.6,50,996
2010,9,26,0,14,LISA,24.0,-28.8,40,1002
2010,9,26,6,14,LISA,24.8,-28.9,35,1004
2010,9,26,12,14,LISA,25.3,-29.0,30,1006
2010,9,26,18,14,LISA,25.8,-29.2,30,1007
2010,9,27,0,14,LISA,26.3,-29.6,30,1008
2010,9,27,6,14,LISA,26.8,-30.1,30,1009
2010,9,27,12,14,LISA,27.4,-30.6,30,1011
2010,9,27,18,14,LISA,28.0,-31.1,30,1013
2010,9,28,0,14,LISA,28.6,-31.5,30,1013
2010,9,28,6,14,LISA,29.1,-31.7,30,1015
2010,9,28,12,14,LISA,29.5,-31.7,30,1015
2010,9,28,18,14,LISA,29.9,-31.6,25,1016
2010,9,29,0,14,LISA,30.2,-31.5,25,1016
2010,9,23,12,15,MATTHEW,13.7,-74.8,30,1008
2010,9,23,18,15,MATTHEW,13.9,-76.2,35,1007
2010,9,24,0,15,MATTHEW,14.0,-77.7,40,1005
2010,9,24,6,15,MATTHEW,14.0,-79.3,45,1003
2010,9,24,12,15,MATTHEW,14.2,-81.1,45,1001
2010,9,24,18,15,MATTHEW,14.6,-83.0,50,998
2010,9,24,19,15,MATTHEW,14.7,-83.3,50,998
2010,9,25,0,15,MATTHEW,15.2,-84.6,50,998
2010,9,25,6,15,MATTHEW,15.8,-86.1,45,998
2010,9,25,12,15,MATTHEW,16.3,-87.7,35,1000
2010,9,25,15,15,MATTHEW,16.5,-88.4,35,1000
2010,9,25,18,15,MATTHEW,16.7,-89.4,30,1000
2010,9,26,0,15,MATTHEW,17.0,-90.8,30,1001
2010,9,26,6,15,MATTHEW,17.3,-91.9,25,1002
2010,9,26,12,15,MATTHEW,17.5,-92.8,20,1002
2010,9,26,18,15,MATTHEW,17.2,-93.3,20,1003
2010,9,28,0,16,NICOLE,19.4,-84.1,25,1003
2010,9,28,6,16,NICOLE,19.8,-83.5,30,1003
2010,9,28,12,16,NICOLE,20.4,-83.0,35,1001
2010,9,28,18,16,NICOLE,21.0,-82.7,40,999
2010,9,29,0,16,NICOLE,21.4,-82.2,35,997
2010,9,29,6,16,NICOLE,21.7,-81.6,35,996
2010,9,29,12,16,NICOLE,21.9,-81.0,40,995
2010,9,29,15,16,NICOLE,22.2,-80.5,40,995
2010,9,29,18,16,NICOLE,23.3,-80.1,40,994
2010,9,30,0,16,NICOLE,24.7,-79.6,40,994
2010,9,30,6,16,NICOLE,26.1,-79.0,40,995
2010,9,30,12,16,NICOLE,27.4,-78.5,40,996
2010,10,6,6,17,OTTO,22.0,-67.2,30,1000
2010,10,6,12,17,OTTO,22.6,-67.8,40,995
2010,10,6,18,17,OTTO,23.0,-68.1,50,991
2010,10,7,0,17,OTTO,23.2,-68.2,55,989
2010,10,7,6,17,OTTO,23.4,-68.3,50,990
2010,10,7,12,17,OTTO,23.6,-68.3,45,994
2010,10,7,18,17,OTTO,23.8,-67.8,50,992
2010,10,8,0,17,OTTO,24.0,-67.0,55,989
2010,10,8,6,17,OTTO,24.4,-66.1,60,986
2010,10,8,12,17,OTTO,25.2,-64.8,65,983
2010,10,8,18,17,OTTO,26.2,-63.3,70,980
2010,10,9,0,17,OTTO,27.2,-61.7,75,976
2010,10,9,6,17,OTTO,28.5,-59.7,75,978
2010,10,9,12,17,OTTO,30.0,-57.3,70,981
2010,10,9,18,17,OTTO,31.4,-54.3,65,985
2010,10,10,0,17,OTTO,32.7,-50.9,60,988
2010,10,10,6,17,OTTO,34.3,-47.0,55,988
2010,10,10,12,17,OTTO,36.4,-42.6,55,988
2010,10,10,18,17,OTTO,38.2,-38.1,55,988
2010,10,11,0,17,OTTO,40.3,-33.8,50,992
2010,10,11,6,17,OTTO,42.0,-30.8,45,995
2010,10,11,12,17,OTTO,43.1,-28.1,40,998
2010,10,11,18,17,OTTO,43.5,-26.3,40,998
2010,10,12,0,17,OTTO,43.4,-25.3,35,1002
2010,10,12,6,17,OTTO,42.4,-24.6,35,1004
2010,10,12,12,17,OTTO,41.4,-24.0,35,1004
2010,10,12,18,17,OTTO,40.3,-23.5,35,1006
2010,10,13,0,17,OTTO,39.3,-23.0,35,1004
2010,10,13,6,17,OTTO,38.4,-22.7,35,1004
2010,10,13,12,17,OTTO,37.6,-22.6,35,1004
2010,10,13,18,17,OTTO,36.7,-22.4,35,1004
2010,10,14,0,17,OTTO,35.8,-22.2,35,1004
2010,10,14,6,17,OTTO,35.0,-22.0,30,1005
2010,10,14,12,17,OTTO,34.4,-21.4,30,1005
2010,10,14,18,17,OTTO,34.0,-20.6,30,1005
2010,10,15,0,17,OTTO,33.8,-19.9,30,1006
2010,10,15,6,17,OTTO,33.6,-19.2,30,1006
2010,10,15,12,17,OTTO,33.4,-18.5,30,1006
2010,10,15,18,17,OTTO,33.2,-17.8,30,1006
2010,10,16,0,17,OTTO,33.0,-17.1,25,1006
2010,10,16,6,17,OTTO,32.8,-16.5,25,1006
2010,10,16,12,17,OTTO,32.6,-15.9,25,1007
2010,10,16,18,17,OTTO,32.4,-15.3,25,1007
2010,10,17,0,17,OTTO,32.3,-14.7,25,1008
2010,10,17,6,17,OTTO,32.1,-14.5,25,1010
2010,10,17,12,17,OTTO,31.9,-14.6,20,1010
2010,10,17,18,17,OTTO,31.7,-14.7,20,1012
2010,10,11,0,18,PAULA,13.9,-81.8,30,1006
2010,10,11,6,18,PAULA,14.4,-82.5,35,1005
2010,10,11,12,18,PAULA,15.0,-83.2,45,1004
2010,10,11,18,18,PAULA,15.7,-83.8,60,1001
2010,10,12,0,18,PAULA,16.5,-84.4,65,996
2010,10,12,6,18,PAULA,17.3,-85.0,65,991
2010,10,12,12,18,PAULA,18.1,-85.6,75,986
2010,10,12,18,18,PAULA,18.8,-85.9,90,981
2010,10,13,0,18,PAULA,19.6,-86.0,90,981
2010,10,13,6,18,PAULA,20.3,-86.0,85,984
2010,10,13,12,18,PAULA,20.9,-85.9,85,987
2010,10,13,18,18,PAULA,21.4,-85.8,75,990
2010,10,14,0,18,PAULA,21.8,-85.6,75,993
2010,10,14,6,18,PAULA,22.2,-85.2,70,995
2010,10,14,12,18,PAULA,22.6,-84.5,60,999
2010,10,14,15,18,PAULA,22.7,-83.9,55,1000
2010,10,14,18,18,PAULA,22.8,-83.5,50,1001
2010,10,15,0,18,PAULA,22.9,-82.0,40,1004
2010,10,15,6,18,PAULA,22.9,-80.9,30,1008
2010,10,15,12,18,PAULA,22.9,-79.9,25,1009
2010,10,15,18,18,PAULA,23.0,-79.1,20,1009
2010,10,19,18,19,RICHARD,17.2,-83.4,30,1008
2010,10,20,0,19,RICHARD,17.7,-83.2,30,1008
2010,10,20,6,19,RICHARD,17.8,-82.8,30,1008
2010,10,20,12,19,RICHARD,17.8,-82.3,30,1008
2010,10,20,18,19,RICHARD,17.6,-81.8,30,1008
2010,10,21,0,19,RICHARD,17.3,-81.3,30,1007
2010,10,21,6,19,RICHARD,17.0,-80.9,30,1007
2010,10,21,12,19,RICHARD,16.7,-80.6,35,1006
2010,10,21,18,19,RICHARD,16.3,-80.4,35,1006
2010,10,22,0,19,RICHARD,16.0,-80.5,35,1007
2010,10,22,6,19,RICHARD,15.9,-80.7,35,1005
2010,10,22,12,19,RICHARD,15.8,-81.0,35,1006
2010,10,22,18,19,RICHARD,15.8,-81.5,40,1006
2010,10,23,0,19,RICHARD,15.8,-82.1,40,1006
2010,10,23,6,19,RICHARD,15.8,-82.6,45,1004
2010,10,23,12,19,RICHARD,15.9,-83.1,50,1000
2010,10,23,18,19,RICHARD,16.0,-83.6,55,998
2010,10,24,0,19,RICHARD,16.2,-84.3,60,995
2010,10,24,6,19,RICHARD,16.5,-85.2,65,992
2010,10,24,12,19,RICHARD,16.8,-86.3,75,990
2010,10,24,18,19,RICHARD,17.0,-87.3,80,984
2010,10,25,0,19,RICHARD,17.2,-88.2,85,977
2010,10,25,0,19,RICHARD,17.2,-88.3,85,977
2010,10,25,6,19,RICHARD,17.4,-89.2,65,988
2010,10,25,12,19,RICHARD,17.7,-90.0,40,997
2010,10,25,18,19,RICHARD,18.0,-90.8,30,1000
2010,10,26,0,19,RICHARD,18.4,-91.5,25,1002
2010,10,26,6,19,RICHARD,19.1,-92.3,25,1004
2010,10,26,12,19,RICHARD,20.1,-92.9,20,1004
2010,10,28,18,20,SHARY,25.6,-61.2,30,1006
2010,10,29,0,20,SHARY,26.8,-63.0,35,1004
2010,10,29,6,20,SHARY,28.1,-64.6,40,1002
2010,10,29,12,20,SHARY,29.3,-65.9,50,998
2010,10,29,18,20,SHARY,30.2,-65.8,55,993
2010,10,30,0,20,SHARY,31.3,-64.0,65,990
2010,10,30,6,20,SHARY,32.9,-60.9,65,989
2010,10,30,12,20,SHARY,35.1,-57.2,65,991
2010,10,30,18,20,SHARY,37.0,-53.5,55,993
2010,10,29,6,21,TOMAS,9.0,-53.7,30,1006
2010,10,29,12,21,TOMAS,9.8,-55.3,35,1003
2010,10,29,18,21,TOMAS,10.8,-56.8,45,998
2010,10,30,0,21,TOMAS,11.9,-57.8,55,999
2010,10,30,6,21,TOMAS,12.7,-58.9,60,997
2010,10,30,9,21,TOMAS,13.0,-59.5,60,997
2010,10,30,12,21,TOMAS,13.1,-60.1,65,993
2010,10,30,18,21,TOMAS,13.3,-61.0,80,990
2010,10,30,20,21,TOMAS,13.4,-61.2,85,987
2010,10,31,0,21,TOMAS,13.5,-61.7,85,982
2010,10,31,6,21,TOMAS,13.8,-62.4,85,983
2010,10,31,12,21,TOMAS,14.0,-63.3,80,988
2010,10,31,18,21,TOMAS,14.2,-64.4,65,994
2010,11,1,0,21,TOMAS,14.1,-65.8,55,997
2010,11,1,6,21,TOMAS,13.9,-67.1,45,1003
2010,11,1,12,21,TOMAS,13.6,-68.2,40,1005
2010,11,1,18,21,TOMAS,13.5,-69.2,40,1005
2010,11,2,0,21,TOMAS,13.5,-70.3,40,1005
2010,11,2,6,21,TOMAS,13.5,-71.4,45,1003
2010,11,2,12,21,TOMAS,13.5,-72.5,40,1004
2010,11,2,18,21,TOMAS,13.6,-73.4,35,1006
2010,11,3,0,21,TOMAS,13.8,-73.9,30,1006
2010,11,3,6,21,TOMAS,14.0,-74.3,30,1006
2010,11,3,12,21,TOMAS,14.3,-74.7,30,1006
2010,11,3,18,21,TOMAS,14.7,-75.1,35,1004
2010,11,4,0,21,TOMAS,15.1,-75.5,40,1003
2010,11,4,6,21,TOMAS,15.5,-75.9,40,998
2010,11,4,12,21,TOMAS,15.9,-76.2,45,996
2010,11,4,18,21,TOMAS,16.4,-76.2,50,995
2010,11,5,0,21,TOMAS,17.0,-75.7,60,989
2010,11,5,6,21,TOMAS,17.7,-75.2,70,985
2010,11,5,12,21,TOMAS,18.7,-74.7,75,987
2010,11,5,18,21,TOMAS,19.7,-74.0,70,992
2010,11,6,0,21,TOMAS,20.4,-73.1,60,995
2010,11,6,6,21,TOMAS,21.4,-71.8,60,992
2010,11,6,7,21,TOMAS,21.7,-71.6,60,992
2010,11,6,12,21,TOMAS,22.6,-70.9,60,990
2010,11,6,18,21,TOMAS,23.8,-70.3,65,988
2010,11,7,0,21,TOMAS,24.9,-69.8,70,987
2010,11,7,6,21,TOMAS,25.4,-69.6,65,990
2010,11,7,12,21,TOMAS,25.7,-69.5,60,992
2010,11,7,18,21,TOMAS,26.0,-69.3,50,992
2010,11,8,0,21,TOMAS,26.0,-68.5,50,992
2010,11,8,6,21,TOMAS,25.8,-67.5,50,992
2010,11,8,12,21,TOMAS,25.6,-66.2,50,992
2010,11,8,18,21,TOMAS,25.8,-64.5,45,993
2010,11,9,0,21,TOMAS,26.5,-62.3,45,993
2010,11,9,6,21,TOMAS,27.9,-60.4,45,994
2010,11,9,12,21,TOMAS,29.4,-58.6,45,994
2010,11,9,18,21,TOMAS,31.0,-56.9,45,994
2010,11,10,0,21,TOMAS,33.3,-55.4,45,994
2010,11,10,6,21,TOMAS,36.0,-54.0,45,994
2010,11,10,12,21,TOMAS,39.0,-53.5,35,995
2010,11,10,18,21,TOMAS,42.0,-53.5,35,995
2011,6,28,6,1,ARLENE,19.9,-92.8,25,1007
2011,6,28,12,1,ARLENE,20.3,-93.1,30,1006
2011,6,28,18,1,ARLENE,20.7,-93.5,35,1006
2011,6,29,0,1,ARLENE,21.0,-93.9,35,1005
2011,6,29,6,1,ARLENE,21.2,-94.5,35,1003
2011,6,29,12,1,ARLENE,21.3,-95.3,45,1000
2011,6,29,18,1,ARLENE,21.4,-95.6,50,998
2011,6,30,0,1,ARLENE,21.6,-96.1,50,996
2011,6,30,6,1,ARLENE,21.6,-97.0,55,994
2011,6,30,12,1,ARLENE,21.6,-97.3,55,993
2011,6,30,13,1,ARLENE,21.6,-97.4,55,993
2011,6,30,18,1,ARLENE,21.5,-98.1,45,998
2011,7,1,0,1,ARLENE,21.1,-98.7,30,1002
2011,7,16,6,2,BRET,30.7,-79.7,20,1014
2011,7,16,12,2,BRET,30.3,-79.4,20,1014
2011,7,16,18,2,BRET,29.8,-79.1,20,1014
2011,7,17,0,2,BRET,29.3,-78.8,20,1014
2011,7,17,6,2,BRET,28.8,-78.5,20,1014
2011,7,17,12,2,BRET,28.3,-78.3,25,1013
2011,7,17,18,2,BRET,27.8,-78.2,30,1011
2011,7,18,0,2,BRET,27.5,-78.1,35,1008
2011,7,18,6,2,BRET,27.1,-78.0,40,1001
2011,7,18,12,2,BRET,27.4,-77.5,45,999
2011,7,18,18,2,BRET,27.8,-77.1,60,995
2011,7,19,0,2,BRET,28.4,-76.8,60,996
2011,7,19,6,2,BRET,29.0,-76.6,50,999
2011,7,19,12,2,BRET,29.5,-76.2,45,999
2011,7,19,18,2,BRET,30.0,-75.8,45,999
2011,7,20,0,2,BRET,30.5,-75.3,45,1000
2011,7,20,6,2,BRET,30.9,-74.7,45,1001
2011,7,20,12,2,BRET,31.4,-74.1,45,1002
2011,7,20,18,2,BRET,31.9,-73.4,45,1005
2011,7,21,0,2,BRET,32.4,-72.7,45,1005
2011,7,21,6,2,BRET,33.0,-72.0,40,1005
2011,7,21,12,2,BRET,33.5,-71.2,35,1006
2011,7,21,18,2,BRET,34.1,-70.1,35,1007
2011,7,22,0,2,BRET,35.1,-68.9,30,1008
2011,7,22,6,2,BRET,36.2,-67.4,30,1008
2011,7,22,12,2,BRET,37.3,-65.2,30,1009
2011,7,22,18,2,BRET,38.3,-62.8,30,1009
2011,7,23,0,2,BRET,39.2,-60.1,25,1010
2011,7,23,6,2,BRET,39.8,-57.0,25,1010
2011,7,20,6,3,CINDY,33.0,-59.5,30,1010
2011,7,20,12,3,CINDY,33.4,-57.0,35,1008
2011,7,20,18,3,CINDY,34.5,-54.7,40,1006
2011,7,21,0,3,CINDY,35.8,-52.5,45,1003
2011,7,21,6,3,CINDY,37.4,-50.5,50,999
2011,7,21,12,3,CINDY,39.4,-48.4,55,996
2011,7,21,18,3,CINDY,41.3,-46.1,60,994
2011,7,22,0,3,CINDY,42.6,-43.7,55,995
2011,7,22,6,3,CINDY,43.8,-41.2,50,997
2011,7,22,12,3,CINDY,45.1,-38.6,45,999
2011,7,22,18,3,CINDY,46.7,-35.6,40,1001
2011,7,23,0,3,CINDY,48.4,-32.1,40,1003
2011,7,23,6,3,CINDY,50.0,-27.8,35,1005
2011,7,27,6,4,DON,21.6,-85.7,30,1007
2011,7,27,12,4,DON,21.8,-86.2,30,1006
2011,7,27,18,4,DON,22.0,-86.7,35,1003
2011,7,28,0,4,DON,22.3,-87.4,35,1000
2011,7,28,6,4,DON,22.9,-88.4,35,1000
2011,7,28,12,4,DON,23.7,-89.5,40,1001
2011,7,28,18,4,DON,24.2,-90.7,40,1004
2011,7,29,0,4,DON,24.6,-91.9,45,997
2011,7,29,6,4,DON,25.1,-93.1,45,1000
2011,7,29,12,4,DON,25.8,-94.3,45,1002
2011,7,29,18,4,DON,26.4,-95.5,45,1004
2011,7,30,0,4,DON,27.0,-96.9,35,1006
2011,7,30,2,4,DON,27.3,-97.4,30,1007
2011,7,30,6,4,DON,27.8,-98.1,25,1009
2011,8,2,0,5,EMILY,14.9,-61.4,40,1007
2011,8,2,6,5,EMILY,15.1,-62.5,40,1007
2011,8,2,12,5,EMILY,15.4,-63.6,40,1006
2011,8,2,18,5,EMILY,15.7,-64.8,40,1005
2011,8,3,0,5,EMILY,16.0,-66.2,45,1004
2011,8,3,6,5,EMILY,16.3,-67.7,45,1003
2011,8,3,12,5,EMILY,16.6,-69.1,45,1003
2011,8,3,18,5,EMILY,16.8,-70.3,45,1003
2011,8,4,0,5,EMILY,16.9,-70.7,45,1003
2011,8,4,6,5,EMILY,16.9,-71.3,45,1004
2011,8,4,12,5,EMILY,17.3,-72.2,45,1006
2011,8,4,18,5,EMILY,17.9,-73.4,30,1009
2011,8,5,0,5,EMILY,18.8,-74.6,25,1010
2011,8,5,6,5,EMILY,19.8,-75.5,25,1011
2011,8,5,12,5,EMILY,21.0,-76.3,25,1011
2011,8,5,18,5,EMILY,22.4,-76.9,25,1012
2011,8,6,0,5,EMILY,23.6,-77.4,25,1012
2011,8,6,6,5,EMILY,24.6,-77.9,25,1012
2011,8,6,12,5,EMILY,25.6,-78.1,25,1011
2011,8,6,18,5,EMILY,26.4,-78.2,30,1011
2011,8,7,0,5,EMILY,27.2,-78.1,35,1010
2011,8,7,6,5,EMILY,28.4,-77.4,35,1009
2011,8,7,12,5,EMILY,29.7,-76.4,30,1009
2011,8,7,18,5,EMILY,30.7,-74.8,30,1009
2011,8,12,12,6,FRANKLIN,34.7,-66.0,25,1011
2011,8,12,18,6,FRANKLIN,35.6,-64.7,30,1009
2011,8,13,0,6,FRANKLIN,36.6,-63.0,30,1008
2011,8,13,6,6,FRANKLIN,37.6,-61.1,35,1006
2011,8,13,12,6,FRANKLIN,38.6,-59.0,40,1004
2011,8,13,18,6,FRANKLIN,39.6,-56.3,40,1004
2011,8,14,0,6,FRANKLIN,40.2,-53.2,35,1005
2011,8,14,6,6,FRANKLIN,40.4,-49.9,35,1007
2011,8,14,12,6,FRANKLIN,40.0,-47.0,30,1009
2011,8,14,18,6,FRANKLIN,39.4,-44.6,30,1010
2011,8,15,0,6,FRANKLIN,38.8,-42.5,30,1011
2011,8,15,6,6,FRANKLIN,38.1,-40.8,25,1013
2011,8,15,12,6,FRANKLIN,37.3,-39.2,25,1014
2011,8,15,18,6,FRANKLIN,36.6,-38.2,25,1015
2011,8,16,0,6,FRANKLIN,35.6,-37.9,25,1016
2011,8,13,6,7,GERT,26.2,-58.0,30,1013
2011,8,13,12,7,GERT,26.9,-59.4,30,1012
2011,8,13,18,7,GERT,27.3,-60.6,30,1011
2011,8,14,0,7,GERT,27.5,-61.5,30,1011
2011,8,14,6,7,GERT,27.7,-62.3,35,1011
2011,8,14,12,7,GERT,28.1,-62.9,40,1010
2011,8,14,18,7,GERT,28.8,-63.1,40,1009
2011,8,15,0,7,GERT,29.6,-63.3,45,1006
2011,8,15,6,7,GERT,30.6,-63.4,50,1003
2011,8,15,12,7,GERT,31.6,-63.2,55,1000
2011,8,15,18,7,GERT,32.9,-62.7,50,1003
2011,8,16,0,7,GERT,34.2,-61.6,45,1005
2011,8,16,6,7,GERT,35.6,-60.3,45,1007
2011,8,16,12,7,GERT,37.1,-58.1,40,1008
2011,8,16,18,7,GERT,38.6,-55.8,40,1008
2011,8,17,0,7,GERT,40.1,-53.4,35,1010
2011,8,17,6,7,GERT,41.5,-50.9,30,1012
2011,8,17,12,7,GERT,42.9,-48.3,30,1014
2011,8,17,18,7,GERT,44.9,-44.8,30,1015
2011,8,19,0,8,HARVEY,15.4,-82.0,30,1006
2011,8,19,6,8,HARVEY,15.7,-82.7,30,1005
2011,8,19,12,8,HARVEY,15.9,-83.4,35,1003
2011,8,19,18,8,HARVEY,16.0,-84.1,40,1001
2011,8,20,0,8,HARVEY,16.1,-84.9,45,995
2011,8,20,6,8,HARVEY,16.3,-85.8,50,994
2011,8,20,12,8,HARVEY,16.6,-87.0,50,998
2011,8,20,18,8,HARVEY,17.0,-88.3,55,995
2011,8,21,0,8,HARVEY,17.3,-89.6,35,1003
2011,8,21,6,8,HARVEY,17.6,-90.8,30,1005
2011,8,21,12,8,HARVEY,18.0,-92.0,30,1005
2011,8,21,18,8,HARVEY,18.5,-93.3,30,1005
2011,8,22,0,8,HARVEY,18.7,-94.8,35,1005
2011,8,22,2,8,HARVEY,18.7,-95.2,35,1005
2011,8,22,6,8,HARVEY,18.6,-96.2,25,1006
2011,8,22,12,8,HARVEY,18.1,-97.2,20,1007
2011,8,21,0,9,IRENE,15.0,-59.0,45,1006
2011,8,21,6,9,IRENE,16.0,-60.6,45,1006
2011,8,21,12,9,IRENE,16.8,-62.2,45,1005
2011,8,21,18,9,IRENE,17.5,-63.7,50,999
2011,8,22,0,9,IRENE,17.9,-65.0,60,993
2011,8,22,6,9,IRENE,18.2,-65.9,65,990
2011,8,22,12,9,IRENE,18.9,-67.0,70,989
2011,8,22,18,9,IRENE,19.3,-68.0,75,988
2011,8,23,0,9,IRENE,19.7,-68.8,80,981
2011,8,23,6,9,IRENE,20.1,-69.7,80,978
2011,8,23,12,9,IRENE,20.4,-70.6,80,978
2011,8,23,18,9,IRENE,20.7,-71.2,80,977
2011,8,24,0,9,IRENE,21.0,-71.9,80,969
2011,8,24,6,9,IRENE,21.3,-72.5,95,965
2011,8,24,12,9,IRENE,21.9,-73.3,105,957
2011,8,24,18,9,IRENE,22.7,-74.3,100,954
2011,8,25,0,9,IRENE,23.5,-75.1,95,952
2011,8,25,6,9,IRENE,24.1,-75.9,95,950
2011,8,25,12,9,IRENE,25.4,-76.6,90,950
2011,8,25,18,9,IRENE,26.5,-77.2,90,950
2011,8,26,0,9,IRENE,27.7,-77.3,90,946
2011,8,26,6,9,IRENE,28.8,-77.3,90,942
2011,8,26,12,9,IRENE,30.0,-77.4,85,947
2011,8,26,18,9,IRENE,31.1,-77.5,80,950
2011,8,27,0,9,IRENE,32.1,-77.1,75,952
2011,8,27,6,9,IRENE,33.4,-76.8,75,952
2011,8,27,12,9,IRENE,34.7,-76.6,75,952
2011,8,27,18,9,IRENE,35.5,-76.3,65,950
2011,8,28,0,9,IRENE,36.7,-75.7,65,951
2011,8,28,6,9,IRENE,38.1,-75.0,65,958
2011,8,28,9,9,IRENE,39.4,-74.4,60,959
2011,8,28,12,9,IRENE,40.3,-74.1,55,963
2011,8,28,13,9,IRENE,40.6,-74.0,55,965
2011,8,28,18,9,IRENE,42.5,-73.1,50,970
2011,8,29,0,9,IRENE,44.2,-72.1,45,979
2011,8,29,6,9,IRENE,46.5,-69.5,40,983
2011,8,29,12,9,IRENE,49.1,-66.7,40,985
2011,8,29,18,9,IRENE,51.3,-63.8,40,987
2011,8,30,0,9,IRENE,53.0,-60.0,40,991
2011,8,25,0,10,TEN,12.3,-29.0,30,1006
2011,8,25,6,10,TEN,12.7,-30.1,30,1006
2011,8,25,12,10,TEN,13.1,-31.2,30,1008
2011,8,25,18,10,TEN,13.5,-32.1,30,1008
2011,8,26,0,10,TEN,13.9,-32.9,30,1009
2011,8,26,6,10,TEN,14.4,-33.3,30,1009
2011,8,26,12,10,TEN,14.8,-33.5,30,1009
2011,8,26,18,10,TEN,15.3,-33.7,30,1009
2011,8,27,0,10,TEN,15.8,-33.9,25,1010
2011,8,26,12,11,JOSE,27.3,-59.0,30,1016
2011,8,26,18,11,JOSE,27.4,-60.2,30,1014
2011,8,27,0,11,JOSE,27.5,-61.3,30,1013
2011,8,27,6,11,JOSE,27.7,-62.4,30,1011
2011,8,27,12,11,JOSE,27.9,-63.4,35,1008
2011,8,27,18,11,JOSE,28.3,-64.3,35,1008
2011,8,28,0,11,JOSE,29.1,-64.9,35,1008
2011,8,28,6,11,JOSE,29.8,-65.5,40,1007
2011,8,28,12,11,JOSE,30.9,-65.7,40,1006
2011,8,28,18,11,JOSE,32.4,-65.8,40,1006
2011,8,29,0,11,JOSE,34.2,-65.6,40,1007
2011,8,29,6,11,JOSE,36.2,-65.1,35,1009
2011,8,29,12,11,JOSE,38.3,-63.8,30,1012
2011,8,28,0,12,KATIA,9.5,-19.0,20,1012
2011,8,28,6,12,KATIA,9.4,-20.3,20,1011
2011,8,28,12,12,KATIA,9.3,-21.6,25,1010
2011,8,28,18,12,KATIA,9.3,-22.9,25,1009
2011,8,29,0,12,KATIA,9.3,-24.2,25,1009
2011,8,29,6,12,KATIA,9.5,-25.6,25,1009
2011,8,29,12,12,KATIA,9.9,-27.0,30,1008
2011,8,29,18,12,KATIA,10.6,-28.2,30,1008
2011,8,30,0,12,KATIA,11.0,-29.6,35,1006
2011,8,30,6,12,KATIA,11.5,-31.1,40,1004
2011,8,30,12,12,KATIA,12.0,-32.9,45,1001
2011,8,30,18,12,KATIA,12.6,-34.6,50,997
2011,8,31,0,12,KATIA,13.1,-36.4,50,997
2011,8,31,6,12,KATIA,13.6,-38.2,55,994
2011,8,31,12,12,KATIA,14.0,-40.0,55,994
2011,8,31,18,12,KATIA,14.4,-41.8,60,990
2011,9,1,0,12,KATIA,14.8,-43.5,65,988
2011,9,1,6,12,KATIA,15.1,-45.2,65,988
2011,9,1,12,12,KATIA,15.3,-46.9,65,988
2011,9,1,18,12,KATIA,15.7,-48.5,65,988
2011,9,2,0,12,KATIA,16.2,-50.0,65,988
2011,9,2,6,12,KATIA,16.8,-51.2,65,988
2011,9,2,12,12,KATIA,17.4,-52.1,65,987
2011,9,2,18,12,KATIA,18.0,-53.0,65,987
2011,9,3,0,12,KATIA,18.4,-53.9,65,987
2011,9,3,6,12,KATIA,18.8,-54.7,65,987
2011,9,3,12,12,KATIA,19.4,-55.4,65,986
2011,9,3,18,12,KATIA,19.9,-56.2,65,982
2011,9,4,0,12,KATIA,20.4,-57.1,70,978
2011,9,4,6,12,KATIA,21.1,-57.9,75,969
2011,9,4,12,12,KATIA,21.7,-58.8,85,961
2011,9,4,18,12,KATIA,22.3,-59.7,90,959
2011,9,5,0,12,KATIA,23.0,-60.6,90,957
2011,9,5,6,12,KATIA,23.6,-61.6,95,954
2011,9,5,12,12,KATIA,24.2,-62.6,100,950
2011,9,5,18,12,KATIA,24.8,-63.4,110,946
2011,9,6,0,12,KATIA,25.6,-64.0,120,942
2011,9,6,6,12,KATIA,26.2,-64.8,115,946
2011,9,6,12,12,KATIA,26.7,-65.6,105,954
2011,9,6,18,12,KATIA,27.3,-66.2,95,959
2011,9,7,0,12,KATIA,27.7,-66.9,85,964
2011,9,7,6,12,KATIA,28.2,-67.6,85,967
2011,9,7,12,12,KATIA,28.8,-68.4,80,969
2011,9,7,18,12,KATIA,29.4,-69.3,80,969
2011,9,8,0,12,KATIA,30.3,-69.9,80,968
2011,9,8,6,12,KATIA,31.5,-70.1,80,967
2011,9,8,12,12,KATIA,32.8,-70.2,80,966
2011,9,8,18,12,KATIA,34.1,-70.0,80,965
2011,9,9,0,12,KATIA,35.6,-69.4,80,964
2011,9,9,6,12,KATIA,37.1,-68.4,75,963
2011,9,9,12,12,KATIA,38.5,-67.1,75,961
2011,9,9,18,12,KATIA,39.8,-64.6,75,960
2011,9,10,0,12,KATIA,41.0,-60.5,75,958
2011,9,10,6,12,KATIA,42.2,-56.1,75,956
2011,9,10,12,12,KATIA,43.5,-50.6,75,954
2011,9,10,18,12,KATIA,45.4,-43.7,75,954
2011,9,11,0,12,KATIA,47.3,-37.2,70,957
2011,9,11,6,12,KATIA,49.1,-31.3,70,960
2011,9,11,12,12,KATIA,51.1,-26.0,60,964
2011,9,11,18,12,KATIA,52.8,-21.1,60,966
2011,9,12,0,12,KATIA,54.7,-16.3,60,968
2011,9,12,6,12,KATIA,56.2,-11.6,60,970
2011,9,12,12,12,KATIA,58.0,-7.0,60,972
2011,9,12,18,12,KATIA,59.5,0.0,60,974
2011,8,31,12,20,NOT_NAMED,37.1,-64.3,25,1013
2011,8,31,18,20,NOT_NAMED,37.1,-64.1,25,1013
2011,9,1,0,20,NOT_NAMED,37.3,-63.9,25,1011
2011,9,1,6,20,NOT_NAMED,37.4,-63.7,30,1008
2011,9,1,12,20,NOT_NAMED,37.4,-63.7,40,1004
2011,9,1,18,20,NOT_NAMED,37.4,-63.8,35,1005
2011,9,2,0,20,NOT_NAMED,37.5,-63.8,35,1005
2011,9,2,6,20,NOT_NAMED,37.8,-63.7,40,1002
2011,9,2,12,20,NOT_NAMED,38.0,-62.8,40,1002
2011,9,2,18,20,NOT_NAMED,39.0,-61.8,35,1003
2011,9,3,0,20,NOT_NAMED,40.0,-60.7,30,1004
2011,9,3,6,20,NOT_NAMED,41.0,-59.9,30,1004
2011,9,3,12,20,NOT_NAMED,42.0,-59.2,30,1004
2011,9,3,18,20,NOT_NAMED,42.4,-57.8,30,1004
2011,9,2,0,13,LEE,26.6,-91.4,30,1007
2011,9,2,6,13,LEE,26.9,-91.4,30,1006
2011,9,2,12,13,LEE,27.2,-91.4,35,1005
2011,9,2,18,13,LEE,27.5,-91.4,40,1003
2011,9,3,0,13,LEE,28.0,-91.5,40,1001
2011,9,3,6,13,LEE,28.5,-91.8,45,997
2011,9,3,12,13,LEE,29.0,-92.0,50,993
2011,9,3,18,13,LEE,29.2,-92.2,45,989
2011,9,4,0,13,LEE,29.4,-92.5,40,988
2011,9,4,6,13,LEE,29.5,-92.5,40,986
2011,9,4,9,13,LEE,29.5,-92.2,40,986
2011,9,4,10,13,LEE,29.6,-92.1,40,986
2011,9,4,12,13,LEE,29.7,-92.0,35,986
2011,9,4,18,13,LEE,30.3,-91.8,35,988
2011,9,5,0,13,LEE,30.4,-91.6,35,990
2011,9,5,6,13,LEE,30.4,-91.4,35,993
2011,9,5,12,13,LEE,30.6,-90.1,40,995
2011,9,5,18,13,LEE,31.5,-88.3,40,995
2011,9,6,0,13,LEE,32.6,-86.5,30,995
2011,9,6,6,13,LEE,33.4,-85.3,20,997
2011,9,6,12,13,LEE,34.2,-85.1,15,1000
2011,9,6,18,13,LEE,34.9,-85.3,15,1004
2011,9,6,18,14,MARIA,11.5,-35.9,30,1008
2011,9,7,0,14,MARIA,11.9,-37.5,35,1007
2011,9,7,6,14,MARIA,12.3,-39.1,40,1006
2011,9,7,12,14,MARIA,12.8,-41.0,45,1004
2011,9,7,18,14,MARIA,13.0,-43.0,45,1004
2011,9,8,0,14,MARIA,13.2,-45.2,45,1003
2011,9,8,6,14,MARIA,13.2,-47.7,45,1002
2011,9,8,12,14,MARIA,13.0,-50.1,40,1004
2011,9,8,18,14,MARIA,13.2,-52.1,40,1004
2011,9,9,0,14,MARIA,13.5,-53.7,40,1004
2011,9,9,6,14,MARIA,13.9,-55.2,40,1003
2011,9,9,12,14,MARIA,14.3,-56.6,45,1003
2011,9,9,18,14,MARIA,14.9,-57.9,45,1004
2011,9,10,0,14,MARIA,15.4,-59.0,45,1004
2011,9,10,6,14,MARIA,16.0,-60.0,45,1005
2011,9,10,12,14,MARIA,16.9,-61.1,45,1005
2011,9,10,18,14,MARIA,17.8,-62.0,45,1005
2011,9,11,0,14,MARIA,18.3,-62.7,45,1005
2011,9,11,6,14,MARIA,18.7,-63.4,50,1004
2011,9,11,12,14,MARIA,19.1,-64.1,50,1004
2011,9,11,18,14,MARIA,19.6,-64.7,50,1005
2011,9,12,0,14,MARIA,20.0,-65.3,50,1005
2011,9,12,6,14,MARIA,20.4,-66.1,50,1005
2011,9,12,12,14,MARIA,20.6,-66.9,50,1006
2011,9,12,18,14,MARIA,20.8,-67.1,50,1006
2011,9,13,0,14,MARIA,21.0,-67.3,45,1006
2011,9,13,6,14,MARIA,21.3,-67.5,45,1006
2011,9,13,12,14,MARIA,21.7,-67.7,45,1006
2011,9,13,18,14,MARIA,22.3,-68.0,45,1005
2011,9,14,0,14,MARIA,23.1,-68.5,45,1004
2011,9,14,6,14,MARIA,23.9,-69.0,50,1001
2011,9,14,12,14,MARIA,24.7,-69.3,50,1001
2011,9,14,18,14,MARIA,25.8,-69.3,55,1000
2011,9,15,0,14,MARIA,27.2,-68.9,60,999
2011,9,15,6,14,MARIA,28.8,-68.4,60,995
2011,9,15,12,14,MARIA,30.9,-67.8,60,991
2011,9,15,18,14,MARIA,33.7,-66.9,65,987
2011,9,16,0,14,MARIA,36.8,-64.8,70,984
2011,9,16,6,14,MARIA,39.8,-62.1,70,983
2011,9,16,12,14,MARIA,42.9,-58.2,65,983
2011,9,16,18,14,MARIA,46.7,-53.9,60,983
2011,9,16,18,14,MARIA,47.0,-53.5,60,983
2011,9,6,18,15,NATE,20.3,-93.9,30,1006
2011,9,7,0,15,NATE,20.3,-93.7,30,1006
2011,9,7,6,15,NATE,20.3,-93.3,30,1005
2011,9,7,12,15,NATE,20.3,-92.9,35,1005
2011,9,7,18,15,NATE,20.3,-92.6,40,1004
2011,9,8,0,15,NATE,20.2,-92.5,45,1003
2011,9,8,6,15,NATE,20.1,-92.4,50,1000
2011,9,8,12,15,NATE,19.9,-92.3,55,997
2011,9,8,18,15,NATE,19.7,-92.3,65,995
2011,9,9,0,15,NATE,19.7,-92.1,65,994
2011,9,9,6,15,NATE,19.9,-92.2,55,998
2011,9,9,12,15,NATE,20.0,-92.4,50,999
2011,9,9,18,15,NATE,20.0,-92.7,45,999
2011,9,10,0,15,NATE,20.0,-93.0,45,1000
2011,9,10,6,15,NATE,20.0,-93.4,45,1000
2011,9,10,12,15,NATE,20.1,-93.8,50,1000
2011,9,10,18,15,NATE,20.1,-94.2,55,1000
2011,9,11,0,15,NATE,20.1,-94.7,55,1000
2011,9,11,6,15,NATE,20.0,-95.4,50,1003
2011,9,11,12,15,NATE,20.3,-96.4,40,1005
2011,9,11,16,15,NATE,20.5,-97.0,40,1006
2011,9,11,18,15,NATE,20.5,-97.2,35,1009
2011,9,12,0,15,NATE,20.5,-97.8,25,1012
2011,9,20,6,16,OPHELIA,11.6,-37.0,25,1008
2011,9,20,12,16,OPHELIA,11.9,-37.7,25,1007
2011,9,20,18,16,OPHELIA,12.2,-38.6,30,1007
2011,9,21,0,16,OPHELIA,12.5,-39.7,40,1005
2011,9,21,6,16,OPHELIA,12.7,-41.1,45,1004
2011,9,21,12,16,OPHELIA,12.9,-42.6,50,999
2011,9,21,18,16,OPHELIA,13.1,-44.1,50,999
2011,9,22,0,16,OPHELIA,13.3,-45.2,50,998
2011,9,22,6,16,OPHELIA,13.5,-46.3,55,993
2011,9,22,12,16,OPHELIA,13.7,-47.3,55,993
2011,9,22,18,16,OPHELIA,13.9,-48.3,50,997
2011,9,23,0,16,OPHELIA,14.1,-49.4,45,1000
2011,9,23,6,16,OPHELIA,14.4,-50.5,40,1003
2011,9,23,12,16,OPHELIA,14.7,-51.7,45,1003
2011,9,23,18,16,OPHELIA,15.2,-52.9,50,1001
2011,9,24,0,16,OPHELIA,15.8,-54.0,45,1004
2011,9,24,6,16,OPHELIA,16.5,-54.8,45,1005
2011,9,24,12,16,OPHELIA,17.2,-55.9,45,1005
2011,9,24,18,16,OPHELIA,17.6,-57.0,40,1007
2011,9,25,0,16,OPHELIA,17.9,-58.0,40,1008
2011,9,25,6,16,OPHELIA,18.2,-59.0,35,1008
2011,9,25,12,16,OPHELIA,18.4,-59.8,30,1010
2011,9,25,18,16,OPHELIA,18.6,-60.5,30,1012
2011,9,26,0,16,OPHELIA,18.5,-60.8,25,1012
2011,9,26,6,16,OPHELIA,18.3,-60.7,25,1012
2011,9,26,12,16,OPHELIA,18.0,-60.5,25,1012
2011,9,26,18,16,OPHELIA,17.8,-60.2,25,1012
2011,9,27,0,16,OPHELIA,17.6,-59.9,25,1012
2011,9,27,6,16,OPHELIA,17.6,-59.5,25,1012
2011,9,27,12,16,OPHELIA,17.8,-59.3,25,1010
2011,9,27,18,16,OPHELIA,18.0,-59.4,25,1009
2011,9,28,0,16,OPHELIA,18.1,-59.5,30,1009
2011,9,28,6,16,OPHELIA,18.2,-59.6,40,1005
2011,9,28,12,16,OPHELIA,18.4,-59.8,40,1001
2011,9,28,18,16,OPHELIA,18.7,-60.1,45,1001
2011,9,29,0,16,OPHELIA,19.1,-60.5,50,995
2011,9,29,6,16,OPHELIA,19.6,-60.9,55,995
2011,9,29,12,16,OPHELIA,20.2,-61.4,55,991
2011,9,29,18,16,OPHELIA,21.0,-61.9,65,987
2011,9,30,0,16,OPHELIA,21.6,-62.3,70,982
2011,9,30,6,16,OPHELIA,22.4,-62.7,85,971
2011,9,30,12,16,OPHELIA,23.4,-63.0,95,966
2011,9,30,18,16,OPHELIA,24.6,-63.3,100,959
2011,10,1,0,16,OPHELIA,25.9,-63.3,105,955
2011,10,1,6,16,OPHELIA,27.3,-63.2,105,951
2011,10,1,12,16,OPHELIA,28.9,-63.1,105,948
2011,10,1,18,16,OPHELIA,30.7,-62.9,110,946
2011,10,2,0,16,OPHELIA,32.8,-62.5,120,940
2011,10,2,6,16,OPHELIA,35.0,-62.1,110,945
2011,10,2,12,16,OPHELIA,37.4,-61.6,105,951
2011,10,2,18,16,OPHELIA,40.1,-60.8,90,960
2011,10,3,0,16,OPHELIA,42.8,-59.6,70,972
2011,10,3,6,16,OPHELIA,45.4,-57.6,60,980
2011,10,3,10,16,OPHELIA,46.9,-55.4,60,990
2011,10,3,12,16,OPHELIA,47.4,-54.0,50,994
2011,10,3,18,16,OPHELIA,48.9,-49.2,45,994
2011,10,4,0,16,OPHELIA,49.9,-43.6,40,994
2011,10,4,6,16,OPHELIA,50.6,-37.8,40,996
2011,10,4,12,16,OPHELIA,51.3,-31.9,40,996
2011,9,23,0,17,PHILIPPE,8.3,-17.5,20,1010
2011,9,23,6,17,PHILIPPE,8.6,-19.1,20,1010
2011,9,23,12,17,PHILIPPE,9.0,-20.6,25,1010
2011,9,23,18,17,PHILIPPE,9.5,-22.0,25,1009
2011,9,24,0,17,PHILIPPE,10.4,-23.3,30,1008
2011,9,24,6,17,PHILIPPE,11.0,-24.7,30,1007
2011,9,24,12,17,PHILIPPE,11.1,-26.1,35,1006
2011,9,24,18,17,PHILIPPE,11.2,-27.3,35,1006
2011,9,25,0,17,PHILIPPE,11.5,-28.4,35,1006
2011,9,25,6,17,PHILIPPE,12.1,-29.4,40,1006
2011,9,25,12,17,PHILIPPE,12.7,-30.3,40,1006
2011,9,25,18,17,PHILIPPE,13.2,-31.2,45,1005
2011,9,26,0,17,PHILIPPE,13.8,-32.1,45,1005
2011,9,26,6,17,PHILIPPE,14.4,-33.0,45,1004
2011,9,26,12,17,PHILIPPE,14.9,-33.6,50,1003
2011,9,26,18,17,PHILIPPE,15.3,-34.1,50,1003
2011,9,27,0,17,PHILIPPE,15.4,-34.4,45,1004
2011,9,27,6,17,PHILIPPE,15.5,-34.7,45,1004
2011,9,27,12,17,PHILIPPE,15.6,-35.2,40,1005
2011,9,27,18,17,PHILIPPE,15.7,-35.8,35,1006
2011,9,28,0,17,PHILIPPE,15.8,-36.6,30,1007
2011,9,28,6,17,PHILIPPE,16.0,-37.4,30,1007
2011,9,28,12,17,PHILIPPE,16.2,-38.4,35,1006
2011,9,28,18,17,PHILIPPE,16.6,-39.4,40,1005
2011,9,29,0,17,PHILIPPE,17.1,-40.5,40,1005
2011,9,29,6,17,PHILIPPE,17.8,-41.5,45,1004
2011,9,29,12,17,PHILIPPE,18.7,-42.3,45,1004
2011,9,29,18,17,PHILIPPE,19.7,-43.0,45,1005
2011,9,30,0,17,PHILIPPE,20.7,-43.6,40,1007
2011,9,30,6,17,PHILIPPE,21.7,-44.2,40,1007
2011,9,30,12,17,PHILIPPE,22.5,-44.8,45,1006
2011,9,30,18,17,PHILIPPE,23.2,-45.6,45,1005
2011,10,1,0,17,PHILIPPE,23.8,-46.3,50,1003
2011,10,1,6,17,PHILIPPE,24.1,-47.0,55,999
2011,10,1,12,17,PHILIPPE,24.4,-47.6,60,997
2011,10,1,18,17,PHILIPPE,24.8,-48.4,60,995
2011,10,2,0,17,PHILIPPE,25.2,-49.3,60,993
2011,10,2,6,17,PHILIPPE,25.8,-50.3,50,998
2011,10,2,12,17,PHILIPPE,26.2,-51.2,40,1004
2011,10,2,18,17,PHILIPPE,26.3,-52.3,40,1004
2011,10,3,0,17,PHILIPPE,26.2,-53.2,45,1004
2011,10,3,6,17,PHILIPPE,25.6,-54.0,50,1001
2011,10,3,12,17,PHILIPPE,24.9,-54.8,55,998
2011,10,3,18,17,PHILIPPE,24.3,-55.6,60,995
2011,10,4,0,17,PHILIPPE,23.8,-56.6,65,992
2011,10,4,6,17,PHILIPPE,23.7,-57.7,65,992
2011,10,4,12,17,PHILIPPE,23.8,-58.7,60,993
2011,10,4,18,17,PHILIPPE,24.0,-59.6,60,994
2011,10,5,0,17,PHILIPPE,24.3,-60.2,60,994
2011,10,5,6,17,PHILIPPE,24.7,-60.7,60,994
2011,10,5,12,17,PHILIPPE,25.2,-61.0,55,995
2011,10,5,18,17,PHILIPPE,25.5,-61.1,55,995
2011,10,6,0,17,PHILIPPE,25.9,-61.1,60,992
2011,10,6,6,17,PHILIPPE,26.5,-61.0,65,987
2011,10,6,12,17,PHILIPPE,27.4,-60.4,70,983
2011,10,6,18,17,PHILIPPE,28.2,-59.7,80,977
2011,10,7,0,17,PHILIPPE,28.7,-58.8,80,976
2011,10,7,6,17,PHILIPPE,29.0,-57.7,80,976
2011,10,7,12,17,PHILIPPE,29.3,-56.5,80,977
2011,10,7,18,17,PHILIPPE,29.7,-55.1,70,981
2011,10,8,0,17,PHILIPPE,30.1,-53.5,65,986
2011,10,8,6,17,PHILIPPE,30.9,-51.4,60,987
2011,10,8,12,17,PHILIPPE,32.3,-48.7,60,987
2011,10,8,18,17,PHILIPPE,34.4,-46.0,50,987
2011,10,9,0,17,PHILIPPE,37.5,-43.6,45,987
2011,10,22,0,18,RINA,12.7,-81.0,25,1007
2011,10,22,6,18,RINA,12.7,-81.2,25,1007
2011,10,22,12,18,RINA,12.9,-81.4,25,1006
2011,10,22,18,18,RINA,13.2,-81.4,25,1006
2011,10,23,0,18,RINA,13.6,-81.4,25,1006
2011,10,23,6,18,RINA,14.2,-81.4,25,1006
2011,10,23,12,18,RINA,14.8,-81.5,25,1006
2011,10,23,18,18,RINA,15.5,-81.7,30,1005
2011,10,24,0,18,RINA,16.0,-81.9,35,1004
2011,10,24,6,18,RINA,16.5,-82.2,40,1003
2011,10,24,12,18,RINA,16.9,-82.6,50,1001
2011,10,24,18,18,RINA,17.1,-83.0,65,991
2011,10,25,0,18,RINA,17.2,-83.2,75,982
2011,10,25,6,18,RINA,17.3,-83.5,90,976
2011,10,25,12,18,RINA,17.3,-83.8,95,972
2011,10,25,18,18,RINA,17.3,-84.2,100,971
2011,10,26,0,18,RINA,17.4,-84.6,100,966
2011,10,26,6,18,RINA,17.5,-85.0,100,969
2011,10,26,12,18,RINA,17.7,-85.4,85,973
2011,10,26,18,18,RINA,18.0,-85.8,80,976
2011,10,27,0,18,RINA,18.3,-86.3,80,978
2011,10,27,6,18,RINA,18.6,-86.7,65,987
2011,10,27,12,18,RINA,19.0,-86.9,60,988
2011,10,27,18,18,RINA,19.5,-87.1,60,991
2011,10,28,0,18,RINA,20.2,-87.2,55,996
2011,10,28,2,18,RINA,20.5,-87.2,50,996
2011,10,28,6,18,RINA,20.9,-87.1,50,998
2011,10,28,12,18,RINA,21.4,-86.9,40,1002
2011,10,28,18,18,RINA,21.7,-86.4,25,1007
2011,10,29,0,18,RINA,21.8,-85.3,20,1008
2011,10,29,6,18,RINA,21.5,-84.2,20,1008
2011,11,6,0,19,SEAN,28.5,-70.0,45,1005
2011,11,6,6,19,SEAN,28.5,-69.2,45,1005
2011,11,6,12,19,SEAN,28.4,-68.8,45,1005
2011,11,6,18,19,SEAN,28.0,-68.5,45,1005
2011,11,7,0,19,SEAN,27.9,-68.6,45,1005
2011,11,7,6,19,SEAN,27.7,-68.7,40,1005
2011,11,7,12,19,SEAN,27.5,-69.0,40,1005
2011,11,7,18,19,SEAN,27.6,-69.3,40,1004
2011,11,8,0,19,SEAN,27.6,-69.6,40,1002
2011,11,8,6,19,SEAN,27.7,-69.8,40,1001
2011,11,8,12,19,SEAN,27.8,-70.0,45,1000
2011,11,8,18,19,SEAN,27.8,-70.0,45,999
2011,11,9,0,19,SEAN,27.8,-70.1,45,999
2011,11,9,6,19,SEAN,27.8,-70.2,50,996
2011,11,9,12,19,SEAN,27.9,-70.4,55,994
2011,11,9,18,19,SEAN,28.3,-70.6,55,991
2011,11,10,0,19,SEAN,29.0,-70.7,55,987
2011,11,10,6,19,SEAN,29.7,-70.9,55,984
2011,11,10,12,19,SEAN,30.2,-70.7,55,982
2011,11,10,18,19,SEAN,30.5,-70.0,55,983
2011,11,11,0,19,SEAN,31.0,-69.0,55,984
2011,11,11,6,19,SEAN,32.2,-67.2,50,987
2011,11,11,12,19,SEAN,33.4,-65.3,45,991
2011,11,11,18,19,SEAN,34.8,-62.6,40,995
2011,11,12,0,19,SEAN,35.9,-59.4,35,1000
2011,11,12,6,19,SEAN,38.0,-57.2,35,1000
2011,11,12,12,19,SEAN,40.0,-55.0,35,1000
2011,11,12,18,19,SEAN,42.5,-52.4,35,1000
2012,5,19,0,1,ALBERTO,33.1,-77.0,25,1010
2012,5,19,6,1,ALBERTO,32.8,-77.1,30,1008
2012,5,19,12,1,ALBERTO,32.5,-77.3,40,1005
2012,5,19,18,1,ALBERTO,32.3,-77.6,45,997
2012,5,20,0,1,ALBERTO,32.1,-78.1,50,995
2012,5,20,6,1,ALBERTO,31.9,-78.7,45,998
2012,5,20,12,1,ALBERTO,31.5,-79.5,40,1000
2012,5,20,18,1,ALBERTO,31.1,-79.9,40,1005
2012,5,21,0,1,ALBERTO,30.7,-80.1,35,1007
2012,5,21,6,1,ALBERTO,30.4,-79.8,35,1007
2012,5,21,12,1,ALBERTO,30.4,-79.1,35,1007
2012,5,21,18,1,ALBERTO,30.5,-78.3,35,1006
2012,5,22,0,1,ALBERTO,30.7,-77.1,35,1007
2012,5,22,6,1,ALBERTO,31.5,-76.1,35,1007
2012,5,22,12,1,ALBERTO,32.5,-74.7,30,1008
2012,5,22,18,1,ALBERTO,33.4,-73.4,30,1008
2012,5,23,0,1,ALBERTO,34.1,-71.9,25,1010
2012,5,23,6,1,ALBERTO,34.9,-70.1,25,1011
2012,5,23,12,1,ALBERTO,35.5,-67.9,25,1012
2012,5,23,18,1,ALBERTO,35.9,-66.0,25,1012
2012,5,25,12,2,BERYL,30.1,-76.1,30,1010
2012,5,25,18,2,BERYL,31.1,-75.1,35,1006
2012,5,26,0,2,BERYL,32.3,-75.0,40,1001
2012,5,26,6,2,BERYL,32.4,-75.3,40,1001
2012,5,26,12,2,BERYL,32.0,-75.9,40,1000
2012,5,26,18,2,BERYL,31.5,-76.2,40,999
2012,5,27,0,2,BERYL,31.1,-77.0,45,998
2012,5,27,6,2,BERYL,30.7,-78.0,45,998
2012,5,27,12,2,BERYL,30.3,-78.9,50,998
2012,5,27,18,2,BERYL,30.1,-79.8,55,997
2012,5,27,23,2,BERYL,30.1,-80.5,60,992
2012,5,28,0,2,BERYL,30.1,-80.7,60,993
2012,5,28,4,2,BERYL,30.2,-81.4,55,994
2012,5,28,6,2,BERYL,30.2,-81.7,50,996
2012,5,28,12,2,BERYL,30.4,-82.5,30,1000
2012,5,28,18,2,BERYL,30.5,-83.0,30,1003
2012,5,29,0,2,BERYL,30.6,-83.2,25,1005
2012,5,29,6,2,BERYL,30.8,-83.4,25,1005
2012,5,29,12,2,BERYL,31.3,-83.0,25,1006
2012,5,29,18,2,BERYL,31.7,-82.7,25,1006
2012,5,30,0,2,BERYL,32.0,-81.8,25,1004
2012,5,30,6,2,BERYL,32.6,-80.6,35,1002
2012,5,30,12,2,BERYL,33.7,-78.9,40,1000
2012,5,30,18,2,BERYL,34.5,-77.1,40,997
2012,5,31,0,2,BERYL,35.4,-75.1,45,994
2012,5,31,6,2,BERYL,36.3,-72.9,40,996
2012,5,31,12,2,BERYL,37.1,-70.4,35,998
2012,5,31,18,2,BERYL,37.8,-67.6,35,1000
2012,6,1,0,2,BERYL,38.7,-65.0,35,1001
2012,6,1,6,2,BERYL,39.4,-62.4,35,1002
2012,6,1,12,2,BERYL,39.4,-59.8,35,1001
2012,6,1,18,2,BERYL,38.5,-57.5,35,1000
2012,6,2,0,2,BERYL,38.1,-53.2,35,1000
2012,6,17,0,3,CHRIS,28.8,-68.8,20,1009
2012,6,17,6,3,CHRIS,29.3,-66.9,25,1008
2012,6,17,12,3,CHRIS,30.4,-65.4,30,1007
2012,6,17,18,3,CHRIS,31.8,-64.2,35,1004
2012,6,18,0,3,CHRIS,33.4,-63.5,35,1004
2012,6,18,6,3,CHRIS,35.1,-62.8,35,1004
2012,6,18,12,3,CHRIS,36.7,-62.0,35,1004
2012,6,18,18,3,CHRIS,38.0,-61.3,40,1004
2012,6,19,0,3,CHRIS,38.6,-60.4,40,1003
2012,6,19,6,3,CHRIS,39.1,-59.6,40,1003
2012,6,19,12,3,CHRIS,39.4,-58.7,40,1003
2012,6,19,18,3,CHRIS,39.5,-58.0,40,1003
2012,6,20,0,3,CHRIS,38.9,-56.7,40,1003
2012,6,20,6,3,CHRIS,38.3,-54.7,40,1002
2012,6,20,12,3,CHRIS,38.1,-52.5,45,1001
2012,6,20,18,3,CHRIS,38.2,-50.2,50,999
2012,6,21,0,3,CHRIS,38.6,-47.5,60,991
2012,6,21,6,3,CHRIS,39.5,-45.5,70,982
2012,6,21,12,3,CHRIS,40.5,-43.9,75,974
2012,6,21,18,3,CHRIS,41.9,-42.9,70,975
2012,6,22,0,3,CHRIS,43.3,-42.8,60,978
2012,6,22,6,3,CHRIS,44.5,-43.9,50,982
2012,6,22,12,3,CHRIS,44.8,-45.8,45,985
2012,6,22,18,3,CHRIS,44.2,-47.8,40,988
2012,6,23,0,3,CHRIS,42.6,-48.4,35,989
2012,6,23,6,3,CHRIS,40.9,-47.4,35,989
2012,6,23,12,3,CHRIS,40.0,-45.0,35,990
2012,6,23,18,3,CHRIS,40.5,-42.5,30,991
2012,6,24,0,3,CHRIS,41.4,-40.2,30,991
2012,6,24,6,3,CHRIS,42.9,-38.5,25,993
2012,6,24,12,3,CHRIS,43.7,-38.2,20,995
2012,6,23,12,4,DEBBY,25.5,-87.6,35,1002
2012,6,23,18,4,DEBBY,26.0,-87.5,40,1001
2012,6,24,0,4,DEBBY,26.5,-87.4,45,998
2012,6,24,6,4,DEBBY,27.0,-87.2,50,995
2012,6,24,12,4,DEBBY,27.6,-86.8,55,994
2012,6,24,18,4,DEBBY,28.0,-86.3,55,992
2012,6,25,0,4,DEBBY,28.3,-86.0,50,990
2012,6,25,6,4,DEBBY,28.6,-85.8,45,993
2012,6,25,12,4,DEBBY,28.8,-85.6,40,994
2012,6,25,18,4,DEBBY,29.0,-85.3,40,992
2012,6,26,0,4,DEBBY,29.0,-85.0,45,991
2012,6,26,6,4,DEBBY,28.9,-84.7,40,991
2012,6,26,12,4,DEBBY,28.9,-84.3,40,992
2012,6,26,18,4,DEBBY,29.2,-83.7,35,995
2012,6,26,21,4,DEBBY,29.3,-83.2,35,995
2012,6,27,0,4,DEBBY,29.4,-82.7,30,997
2012,6,27,6,4,DEBBY,29.5,-81.5,30,998
2012,6,27,12,4,DEBBY,29.5,-80.3,30,1001
2012,8,1,12,5,ERNESTO,11.6,-46.7,30,1008
2012,8,1,18,5,ERNESTO,12.0,-48.2,30,1008
2012,8,2,0,5,ERNESTO,12.4,-49.9,30,1008
2012,8,2,6,5,ERNESTO,12.7,-51.7,30,1008
2012,8,2,12,5,ERNESTO,13.0,-53.6,35,1007
2012,8,2,18,5,ERNESTO,13.2,-55.5,45,1006
2012,8,3,0,5,ERNESTO,13.4,-57.5,45,1005
2012,8,3,6,5,ERNESTO,13.6,-59.7,40,1005
2012,8,3,12,5,ERNESTO,13.7,-61.6,40,1003
2012,8,3,18,5,ERNESTO,13.8,-63.3,40,1003
2012,8,4,0,5,ERNESTO,13.8,-64.8,40,1004
2012,8,4,6,5,ERNESTO,13.9,-66.4,45,1005
2012,8,4,12,5,ERNESTO,14.2,-67.9,45,1005
2012,8,4,18,5,ERNESTO,14.6,-69.5,45,1005
2012,8,5,0,5,ERNESTO,15.0,-71.5,45,1006
2012,8,5,6,5,ERNESTO,15.0,-73.8,45,1006
2012,8,5,12,5,ERNESTO,15.0,-76.1,45,1006
2012,8,5,18,5,ERNESTO,15.1,-77.8,45,1005
2012,8,6,0,5,ERNESTO,15.2,-78.9,45,1003
2012,8,6,6,5,ERNESTO,15.4,-79.6,50,998
2012,8,6,12,5,ERNESTO,15.7,-80.2,55,996
2012,8,6,18,5,ERNESTO,16.2,-81.2,55,995
2012,8,7,0,5,ERNESTO,16.7,-82.2,55,994
2012,8,7,6,5,ERNESTO,17.3,-83.3,55,993
2012,8,7,12,5,ERNESTO,17.8,-84.4,65,988
2012,8,7,18,5,ERNESTO,18.4,-85.7,75,983
2012,8,8,0,5,ERNESTO,18.7,-87.1,80,979
2012,8,8,1,5,ERNESTO,18.7,-87.2,80,977
2012,8,8,3,5,ERNESTO,18.8,-87.7,85,973
2012,8,8,6,5,ERNESTO,18.8,-88.3,80,973
2012,8,8,12,5,ERNESTO,18.8,-89.6,60,983
2012,8,8,18,5,ERNESTO,18.8,-90.8,50,993
2012,8,9,0,5,ERNESTO,18.8,-91.7,55,993
2012,8,9,6,5,ERNESTO,18.7,-92.8,60,992
2012,8,9,12,5,ERNESTO,18.4,-93.8,55,989
2012,8,9,16,5,ERNESTO,18.3,-94.6,55,989
2012,8,9,18,5,ERNESTO,18.2,-94.9,50,993
2012,8,10,0,5,ERNESTO,18.0,-96.0,40,997
2012,8,10,6,5,ERNESTO,17.9,-97.2,30,1002
2012,8,3,6,6,FLORENCE,12.2,-23.1,25,1011
2012,8,3,12,6,FLORENCE,12.5,-24.5,30,1010
2012,8,3,18,6,FLORENCE,13.0,-25.9,30,1009
2012,8,4,0,6,FLORENCE,13.5,-27.3,30,1009
2012,8,4,6,6,FLORENCE,14.1,-28.6,35,1007
2012,8,4,12,6,FLORENCE,14.7,-29.9,40,1005
2012,8,4,18,6,FLORENCE,15.3,-31.2,45,1003
2012,8,5,0,6,FLORENCE,15.8,-32.5,50,1002
2012,8,5,6,6,FLORENCE,16.1,-33.8,50,1002
2012,8,5,12,6,FLORENCE,16.2,-35.0,45,1004
2012,8,5,18,6,FLORENCE,16.2,-36.2,45,1005
2012,8,6,0,6,FLORENCE,16.2,-37.3,35,1008
2012,8,6,6,6,FLORENCE,16.3,-38.4,30,1009
2012,8,6,12,6,FLORENCE,16.4,-39.6,30,1009
2012,8,6,18,6,FLORENCE,16.5,-40.9,30,1009
2012,8,7,0,6,FLORENCE,16.7,-42.5,25,1010
2012,8,7,6,6,FLORENCE,16.9,-44.3,25,1010
2012,8,7,12,6,FLORENCE,17.2,-46.3,25,1010
2012,8,7,18,6,FLORENCE,17.6,-48.5,25,1011
2012,8,8,0,6,FLORENCE,18.0,-50.7,25,1011
2012,8,8,6,6,FLORENCE,18.4,-52.9,25,1011
2012,8,9,18,7,HELENE,13.7,-43.0,30,1010
2012,8,10,0,7,HELENE,13.6,-44.6,30,1009
2012,8,10,6,7,HELENE,13.5,-46.3,30,1008
2012,8,10,12,7,HELENE,13.4,-48.2,30,1009
2012,8,10,18,7,HELENE,13.4,-50.5,30,1009
2012,8,11,0,7,HELENE,13.4,-52.9,30,1009
2012,8,11,6,7,HELENE,13.4,-55.4,30,1009
2012,8,11,12,7,HELENE,13.3,-57.9,30,1011
2012,8,11,18,7,HELENE,13.3,-59.9,30,1011
2012,8,12,0,7,HELENE,13.5,-61.4,30,1011
2012,8,12,6,7,HELENE,13.7,-63.2,30,1011
2012,8,12,12,7,HELENE,13.9,-65.6,30,1011
2012,8,12,18,7,HELENE,14.1,-68.0,30,1010
2012,8,13,0,7,HELENE,14.1,-70.4,30,1009
2012,8,13,6,7,HELENE,14.1,-72.7,30,1009
2012,8,13,12,7,HELENE,14.1,-74.9,30,1008
2012,8,13,18,7,HELENE,14.1,-76.6,30,1008
2012,8,14,0,7,HELENE,14.1,-78.4,30,1008
2012,8,14,6,7,HELENE,14.1,-80.1,30,1009
2012,8,14,12,7,HELENE,14.1,-81.8,30,1009
2012,8,14,18,7,HELENE,14.3,-83.6,30,1009
2012,8,15,0,7,HELENE,14.7,-85.3,30,1010
2012,8,15,6,7,HELENE,15.2,-87.0,30,1010
2012,8,15,12,7,HELENE,15.7,-88.6,30,1011
2012,8,15,18,7,HELENE,16.5,-89.5,25,1011
2012,8,16,0,7,HELENE,17.5,-90.5,25,1011
2012,8,16,6,7,HELENE,18.5,-91.0,25,1011
2012,8,16,12,7,HELENE,19.2,-91.5,25,1011
2012,8,16,18,7,HELENE,19.3,-92.6,25,1011
2012,8,17,0,7,HELENE,19.3,-94.2,25,1011
2012,8,17,6,7,HELENE,19.7,-95.2,25,1011
2012,8,17,12,7,HELENE,19.9,-95.7,30,1009
2012,8,17,18,7,HELENE,20.3,-95.9,40,1004
2012,8,18,0,7,HELENE,20.8,-96.1,35,1006
2012,8,18,6,7,HELENE,21.4,-96.8,30,1007
2012,8,18,12,7,HELENE,21.9,-97.7,30,1008
2012,8,18,18,7,HELENE,22.5,-98.7,25,1009
2012,8,19,0,7,HELENE,22.7,-98.9,25,1009
2012,8,15,12,8,GORDON,27.6,-54.6,30,1013
2012,8,15,18,8,GORDON,29.1,-55.1,30,1012
2012,8,16,0,8,GORDON,30.5,-55.4,35,1010
2012,8,16,6,8,GORDON,31.7,-55.2,40,1009
2012,8,16,12,8,GORDON,32.9,-54.4,45,1006
2012,8,16,18,8,GORDON,33.9,-53.0,55,998
2012,8,17,0,8,GORDON,34.3,-51.1,60,995
2012,8,17,6,8,GORDON,34.6,-49.1,55,998
2012,8,17,12,8,GORDON,34.4,-47.0,55,997
2012,8,17,18,8,GORDON,34.3,-45.0,55,993
2012,8,18,0,8,GORDON,34.2,-43.1,60,990
2012,8,18,6,8,GORDON,34.0,-41.5,65,987
2012,8,18,12,8,GORDON,34.0,-39.6,75,979
2012,8,18,18,8,GORDON,34.0,-37.5,90,969
2012,8,19,0,8,GORDON,34.3,-35.0,95,965
2012,8,19,6,8,GORDON,34.7,-32.6,90,969
2012,8,19,12,8,GORDON,35.2,-30.6,90,969
2012,8,19,18,8,GORDON,35.7,-28.5,80,977
2012,8,20,0,8,GORDON,36.4,-26.6,70,981
2012,8,20,5,8,GORDON,37.0,-25.1,65,984
2012,8,20,6,8,GORDON,37.1,-25.0,65,984
2012,8,20,12,8,GORDON,37.9,-23.2,60,990
2012,8,20,18,8,GORDON,38.9,-21.1,45,996
2012,8,21,0,8,GORDON,39.8,-19.3,40,1000
2012,8,21,6,8,GORDON,40.0,-17.7,40,1002
2012,8,21,12,8,GORDON,39.8,-16.6,30,1004
2012,8,20,12,9,ISAAC,15.7,-44.8,25,1010
2012,8,20,18,9,ISAAC,15.6,-46.8,30,1009
2012,8,21,0,9,ISAAC,15.2,-48.5,30,1008
2012,8,21,6,9,ISAAC,14.9,-50.1,30,1007
2012,8,21,12,9,ISAAC,15.0,-51.6,30,1006
2012,8,21,18,9,ISAAC,15.2,-53.1,35,1005
2012,8,22,0,9,ISAAC,15.4,-54.8,40,1004
2012,8,22,6,9,ISAAC,15.7,-56.6,45,1003
2012,8,22,12,9,ISAAC,15.9,-58.6,45,1004
2012,8,22,18,9,ISAAC,16.1,-60.4,45,1004
2012,8,23,0,9,ISAAC,15.7,-62.0,45,1004
2012,8,23,6,9,ISAAC,15.0,-63.4,45,1004
2012,8,23,12,9,ISAAC,15.1,-65.0,45,1003
2012,8,23,18,9,ISAAC,15.6,-66.4,45,1003
2012,8,24,0,9,ISAAC,15.7,-67.8,45,1002
2012,8,24,6,9,ISAAC,15.4,-69.1,45,998
2012,8,24,12,9,ISAAC,15.7,-70.4,50,995
2012,8,24,18,9,ISAAC,16.6,-71.2,55,993
2012,8,25,0,9,ISAAC,17.3,-71.8,55,992
2012,8,25,6,9,ISAAC,18.3,-72.7,55,991
2012,8,25,12,9,ISAAC,19.6,-73.9,50,997
2012,8,25,15,9,ISAAC,20.1,-74.5,50,997
2012,8,25,18,9,ISAAC,20.8,-75.2,50,997
2012,8,26,0,9,ISAAC,21.8,-76.7,50,997
2012,8,26,6,9,ISAAC,22.7,-78.3,55,995
2012,8,26,12,9,ISAAC,23.4,-80.0,55,995
2012,8,26,18,9,ISAAC,23.7,-81.4,50,992
2012,8,27,0,9,ISAAC,24.2,-82.6,50,990
2012,8,27,6,9,ISAAC,25.0,-83.6,50,989
2012,8,27,12,9,ISAAC,25.7,-84.7,55,987
2012,8,27,18,9,ISAAC,26.3,-85.7,60,982
2012,8,28,0,9,ISAAC,26.8,-86.7,60,979
2012,8,28,6,9,ISAAC,27.4,-87.6,60,978
2012,8,28,12,9,ISAAC,28.0,-88.3,65,975
2012,8,28,18,9,ISAAC,28.6,-88.8,70,972
2012,8,29,0,9,ISAAC,28.9,-89.4,70,967
2012,8,29,3,9,ISAAC,29.0,-89.7,70,965
2012,8,29,6,9,ISAAC,29.1,-90.0,70,966
2012,8,29,8,9,ISAAC,29.2,-90.2,70,966
2012,8,29,12,9,ISAAC,29.4,-90.5,65,968
2012,8,29,18,9,ISAAC,29.7,-90.8,60,973
2012,8,30,0,9,ISAAC,30.1,-91.1,55,977
2012,8,30,6,9,ISAAC,30.6,-91.5,55,982
2012,8,30,12,9,ISAAC,31.3,-91.9,45,987
2012,8,30,18,9,ISAAC,32.1,-92.4,35,993
2012,8,31,0,9,ISAAC,33.1,-92.9,30,998
2012,8,31,6,9,ISAAC,34.3,-93.5,25,1000
2012,8,31,12,9,ISAAC,35.6,-94.0,20,1001
2012,8,31,18,9,ISAAC,36.8,-94.1,20,1003
2012,9,1,0,9,ISAAC,37.8,-93.9,20,1004
2012,9,1,6,9,ISAAC,38.4,-93.3,20,1005
2012,8,21,18,10,JOYCE,10.7,-31.7,25,1011
2012,8,22,0,10,JOYCE,11.1,-33.1,25,1011
2012,8,22,6,10,JOYCE,11.5,-34.5,25,1011
2012,8,22,12,10,JOYCE,12.1,-35.8,30,1009
2012,8,22,18,10,JOYCE,12.8,-37.3,30,1009
2012,8,23,0,10,JOYCE,13.5,-38.7,30,1009
2012,8,23,6,10,JOYCE,14.2,-40.0,30,1009
2012,8,23,12,10,JOYCE,14.8,-41.1,35,1007
2012,8,23,18,10,JOYCE,15.5,-42.1,35,1006
2012,8,24,0,10,JOYCE,16.1,-43.2,30,1008
2012,8,24,6,10,JOYCE,16.7,-44.3,30,1008
2012,8,24,12,10,JOYCE,17.4,-45.4,30,1009
2012,8,28,18,11,KIRK,23.9,-43.4,30,1007
2012,8,29,0,11,KIRK,24.0,-44.5,40,1004
2012,8,29,6,11,KIRK,24.3,-45.5,40,1003
2012,8,29,12,11,KIRK,24.6,-46.3,45,1001
2012,8,29,18,11,KIRK,25.1,-47.1,45,999
2012,8,30,0,11,KIRK,25.6,-47.9,50,995
2012,8,30,6,11,KIRK,26.1,-48.6,55,992
2012,8,30,12,11,KIRK,26.8,-49.3,65,989
2012,8,30,18,11,KIRK,27.6,-50.1,75,985
2012,8,31,0,11,KIRK,28.5,-50.5,80,981
2012,8,31,6,11,KIRK,29.6,-50.7,90,970
2012,8,31,12,11,KIRK,30.6,-50.9,90,972
2012,8,31,18,11,KIRK,31.7,-50.6,80,980
2012,9,1,0,11,KIRK,33.1,-50.0,70,988
2012,9,1,6,11,KIRK,34.6,-48.9,65,990
2012,9,1,12,11,KIRK,36.5,-47.3,60,992
2012,9,1,18,11,KIRK,38.4,-45.4,55,996
2012,9,2,0,11,KIRK,40.3,-43.0,55,998
2012,9,2,6,11,KIRK,42.4,-40.6,50,1001
2012,9,2,12,11,KIRK,45.0,-38.1,50,1002
2012,9,2,18,11,KIRK,48.1,-34.6,45,1002
2012,9,3,0,11,KIRK,51.7,-30.9,45,1002
2012,8,28,12,12,LESLIE,12.9,-27.4,20,1010
2012,8,28,18,12,LESLIE,13.0,-29.6,20,1010
2012,8,29,0,12,LESLIE,13.1,-31.7,25,1009
2012,8,29,6,12,LESLIE,13.2,-33.7,25,1009
2012,8,29,12,12,LESLIE,13.3,-35.6,25,1009
2012,8,29,18,12,LESLIE,13.4,-37.5,25,1008
2012,8,30,0,12,LESLIE,13.5,-39.2,30,1007
2012,8,30,6,12,LESLIE,13.6,-40.9,30,1006
2012,8,30,12,12,LESLIE,13.8,-42.6,35,1005
2012,8,30,18,12,LESLIE,14.2,-44.2,40,1004
2012,8,31,0,12,LESLIE,14.7,-45.8,45,1002
2012,8,31,6,12,LESLIE,15.3,-47.4,50,1001
2012,8,31,12,12,LESLIE,16.0,-49.0,55,999
2012,8,31,18,12,LESLIE,16.5,-50.6,55,999
2012,9,1,0,12,LESLIE,17.1,-52.2,60,998
2012,9,1,6,12,LESLIE,17.6,-53.8,60,996
2012,9,1,12,12,LESLIE,18.1,-55.3,60,995
2012,9,1,18,12,LESLIE,18.8,-56.8,60,994
2012,9,2,0,12,LESLIE,19.6,-58.1,60,994
2012,9,2,6,12,LESLIE,20.4,-59.4,55,995
2012,9,2,12,12,LESLIE,21.2,-60.7,50,997
2012,9,2,18,12,LESLIE,22.1,-61.4,50,997
2012,9,3,0,12,LESLIE,22.9,-61.7,50,997
2012,9,3,6,12,LESLIE,23.4,-62.2,50,996
2012,9,3,12,12,LESLIE,23.5,-62.6,50,993
2012,9,3,18,12,LESLIE,23.8,-62.8,55,990
2012,9,4,0,12,LESLIE,24.2,-62.6,60,989
2012,9,4,6,12,LESLIE,24.5,-62.5,60,988
2012,9,4,12,12,LESLIE,24.8,-62.5,60,988
2012,9,4,18,12,LESLIE,25.0,-62.6,60,988
2012,9,5,0,12,LESLIE,25.2,-62.8,60,988
2012,9,5,6,12,LESLIE,25.4,-62.8,65,985
2012,9,5,12,12,LESLIE,25.6,-62.8,70,982
2012,9,5,18,12,LESLIE,25.8,-62.7,70,982
2012,9,6,0,12,LESLIE,26.0,-62.6,65,984
2012,9,6,6,12,LESLIE,26.2,-62.5,65,984
2012,9,6,12,12,LESLIE,26.3,-62.4,65,983
2012,9,6,18,12,LESLIE,26.4,-62.3,65,982
2012,9,7,0,12,LESLIE,26.5,-62.2,65,982
2012,9,7,6,12,LESLIE,26.6,-62.2,65,982
2012,9,7,12,12,LESLIE,26.8,-62.2,60,981
2012,9,7,18,12,LESLIE,27.1,-62.2,60,981
2012,9,8,0,12,LESLIE,27.4,-62.3,60,983
2012,9,8,6,12,LESLIE,27.8,-62.4,55,985
2012,9,8,12,12,LESLIE,28.3,-62.5,55,987
2012,9,8,18,12,LESLIE,29.0,-62.5,55,988
2012,9,9,0,12,LESLIE,29.7,-62.6,55,988
2012,9,9,6,12,LESLIE,30.5,-62.6,55,988
2012,9,9,12,12,LESLIE,31.5,-62.5,55,988
2012,9,9,18,12,LESLIE,32.6,-62.3,55,988
2012,9,10,0,12,LESLIE,33.8,-62.0,55,988
2012,9,10,6,12,LESLIE,35.1,-61.6,60,985
2012,9,10,12,12,LESLIE,36.4,-60.8,65,980
2012,9,10,18,12,LESLIE,38.5,-59.8,65,975
2012,9,11,0,12,LESLIE,41.1,-58.6,65,970
2012,9,11,6,12,LESLIE,44.0,-57.3,65,968
2012,9,11,9,12,LESLIE,45.8,-56.1,65,968
2012,9,11,12,12,LESLIE,47.7,-54.9,65,970
2012,9,11,18,12,LESLIE,51.6,-51.9,60,972
2012,9,12,0,12,LESLIE,55.5,-48.5,55,975
2012,9,2,0,13,MICHAEL,28.9,-36.7,20,1015
2012,9,2,6,13,MICHAEL,28.1,-37.9,25,1015
2012,9,2,12,13,MICHAEL,27.2,-39.2,25,1015
2012,9,2,18,13,MICHAEL,26.4,-40.1,25,1015
2012,9,3,0,13,MICHAEL,25.8,-40.7,25,1015
2012,9,3,6,13,MICHAEL,25.4,-41.2,25,1015
2012,9,3,12,13,MICHAEL,25.3,-41.7,25,1014
2012,9,3,18,13,MICHAEL,25.5,-42.1,30,1013
2012,9,4,0,13,MICHAEL,25.8,-42.5,30,1011
2012,9,4,6,13,MICHAEL,26.2,-43.0,35,1009
2012,9,4,12,13,MICHAEL,26.7,-43.5,40,1007
2012,9,4,18,13,MICHAEL,27.1,-43.7,45,1006
2012,9,5,0,13,MICHAEL,27.4,-43.8,45,1005
2012,9,5,6,13,MICHAEL,27.8,-43.8,45,1005
2012,9,5,12,13,MICHAEL,28.2,-43.5,50,1001
2012,9,5,18,13,MICHAEL,28.6,-43.1,65,992
2012,9,6,0,13,MICHAEL,29.0,-42.6,80,981
2012,9,6,6,13,MICHAEL,29.4,-42.0,95,968
2012,9,6,12,13,MICHAEL,29.9,-41.4,100,964
2012,9,6,18,13,MICHAEL,30.3,-41.0,95,968
2012,9,7,0,13,MICHAEL,30.6,-40.8,90,970
2012,9,7,6,13,MICHAEL,30.9,-40.8,90,970
2012,9,7,12,13,MICHAEL,31.1,-41.0,90,970
2012,9,7,18,13,MICHAEL,31.3,-41.2,85,973
2012,9,8,0,13,MICHAEL,31.6,-41.5,80,977
2012,9,8,6,13,MICHAEL,32.0,-41.7,80,978
2012,9,8,12,13,MICHAEL,32.4,-41.9,85,975
2012,9,8,18,13,MICHAEL,32.9,-42.1,90,972
2012,9,9,0,13,MICHAEL,33.3,-42.3,90,973
2012,9,9,6,13,MICHAEL,33.6,-42.6,85,976
2012,9,9,12,13,MICHAEL,33.7,-42.9,85,976
2012,9,9,18,13,MICHAEL,33.7,-43.5,80,979
2012,9,10,0,13,MICHAEL,33.6,-44.1,75,982
2012,9,10,6,13,MICHAEL,33.4,-44.9,70,985
2012,9,10,12,13,MICHAEL,33.6,-45.8,70,986
2012,9,10,18,13,MICHAEL,33.9,-46.9,65,988
2012,9,11,0,13,MICHAEL,34.8,-47.8,60,991
2012,9,11,6,13,MICHAEL,36.4,-47.8,55,994
2012,9,11,12,13,MICHAEL,38.2,-47.6,45,997
2012,9,11,18,13,MICHAEL,40.2,-46.6,40,1000
2012,9,12,0,13,MICHAEL,42.5,-45.0,35,1003
2012,9,12,6,13,MICHAEL,45.0,-42.6,30,1006
2012,9,10,12,14,NADINE,15.5,-38.0,25,1008
2012,9,10,18,14,NADINE,15.6,-39.4,25,1007
2012,9,11,0,14,NADINE,15.8,-40.8,25,1007
2012,9,11,6,14,NADINE,16.0,-41.9,25,1007
2012,9,11,12,14,NADINE,16.4,-42.8,30,1006
2012,9,11,18,14,NADINE,16.9,-43.7,30,1006
2012,9,12,0,14,NADINE,17.5,-44.8,35,1004
2012,9,12,6,14,NADINE,18.1,-45.9,45,1001
2012,9,12,12,14,NADINE,18.8,-47.1,50,997
2012,9,12,18,14,NADINE,19.5,-48.3,55,994
2012,9,13,0,14,NADINE,20.2,-49.5,60,990
2012,9,13,6,14,NADINE,21.0,-50.6,60,990
2012,9,13,12,14,NADINE,22.0,-51.7,60,990
2012,9,13,18,14,NADINE,23.2,-52.6,60,989
2012,9,14,0,14,NADINE,24.4,-53.4,60,989
2012,9,14,6,14,NADINE,25.6,-54.0,60,987
2012,9,14,12,14,NADINE,27.0,-54.0,60,986
2012,9,14,18,14,NADINE,28.3,-53.7,65,984
2012,9,15,0,14,NADINE,29.6,-53.3,70,981
2012,9,15,6,14,NADINE,30.5,-52.2,70,980
2012,9,15,12,14,NADINE,30.8,-50.7,70,980
2012,9,15,18,14,NADINE,30.8,-49.1,70,980
2012,9,16,0,14,NADINE,30.7,-47.5,70,981
2012,9,16,6,14,NADINE,30.6,-45.4,65,984
2012,9,16,12,14,NADINE,30.6,-43.0,65,985
2012,9,16,18,14,NADINE,30.8,-40.6,65,985
2012,9,17,0,14,NADINE,31.1,-38.8,60,986
2012,9,17,6,14,NADINE,31.7,-37.1,60,987
2012,9,17,12,14,NADINE,32.5,-35.9,55,988
2012,9,17,18,14,NADINE,33.1,-35.1,55,988
2012,9,18,0,14,NADINE,33.5,-34.5,50,989
2012,9,18,6,14,NADINE,33.9,-33.9,50,989
2012,9,18,12,14,NADINE,34.3,-33.3,50,989
2012,9,18,18,14,NADINE,34.9,-32.7,50,989
2012,9,19,0,14,NADINE,35.5,-32.3,50,989
2012,9,19,6,14,NADINE,36.1,-32.0,50,989
2012,9,19,12,14,NADINE,36.7,-32.0,50,989
2012,9,19,18,14,NADINE,37.1,-32.0,50,987
2012,9,20,0,14,NADINE,37.2,-31.6,50,986
2012,9,20,6,14,NADINE,36.9,-30.9,50,986
2012,9,20,12,14,NADINE,36.5,-30.0,50,986
2012,9,20,18,14,NADINE,36.2,-29.0,55,984
2012,9,21,0,14,NADINE,35.9,-28.2,55,984
2012,9,21,6,14,NADINE,35.4,-27.4,55,984
2012,9,21,12,14,NADINE,34.6,-27.3,50,984
2012,9,21,18,14,NADINE,33.6,-27.2,50,984
2012,9,22,0,14,NADINE,32.5,-26.9,45,985
2012,9,22,6,14,NADINE,31.8,-26.7,45,986
2012,9,22,12,14,NADINE,31.0,-26.4,45,987
2012,9,22,18,14,NADINE,30.5,-26.2,45,987
2012,9,23,0,14,NADINE,30.4,-25.9,45,987
2012,9,23,6,14,NADINE,30.4,-25.6,50,987
2012,9,23,12,14,NADINE,30.6,-25.4,50,987
2012,9,23,18,14,NADINE,30.9,-25.8,50,988
2012,9,24,0,14,NADINE,31.1,-26.2,45,990
2012,9,24,6,14,NADINE,31.3,-26.7,45,992
2012,9,24,12,14,NADINE,31.5,-27.4,45,995
2012,9,24,18,14,NADINE,31.8,-28.1,45,996
2012,9,25,0,14,NADINE,32.1,-28.8,40,996
2012,9,25,6,14,NADINE,32.1,-29.5,40,996
2012,9,25,12,14,NADINE,32.0,-29.9,40,997
2012,9,25,18,14,NADINE,31.7,-30.1,40,997
2012,9,26,0,14,NADINE,31.4,-30.3,40,998
2012,9,26,6,14,NADINE,31.1,-30.4,40,998
2012,9,26,12,14,NADINE,30.7,-30.5,45,995
2012,9,26,18,14,NADINE,30.2,-30.7,50,993
2012,9,27,0,14,NADINE,29.6,-31.0,50,993
2012,9,27,6,14,NADINE,29.1,-31.4,50,993
2012,9,27,12,14,NADINE,28.7,-31.9,50,993
2012,9,27,18,14,NADINE,28.5,-32.5,55,993
2012,9,28,0,14,NADINE,28.5,-33.2,55,993
2012,9,28,6,14,NADINE,28.7,-33.9,60,991
2012,9,28,12,14,NADINE,29.2,-34.4,65,988
2012,9,28,18,14,NADINE,29.7,-34.8,65,988
2012,9,29,0,14,NADINE,30.5,-35.3,65,988
2012,9,29,6,14,NADINE,31.4,-35.7,65,988
2012,9,29,12,14,NADINE,32.6,-36.1,65,988
2012,9,29,18,14,NADINE,33.8,-36.6,70,986
2012,9,30,0,14,NADINE,35.0,-37.1,75,983
2012,9,30,6,14,NADINE,36.0,-37.6,75,982
2012,9,30,12,14,NADINE,36.8,-38.3,80,978
2012,9,30,18,14,NADINE,37.2,-38.9,80,978
2012,10,1,0,14,NADINE,36.9,-39.4,75,980
2012,10,1,6,14,NADINE,36.4,-39.4,65,988
2012,10,1,12,14,NADINE,35.9,-39.4,60,991
2012,10,1,18,14,NADINE,35.4,-39.4,55,995
2012,10,2,0,14,NADINE,34.8,-39.1,55,995
2012,10,2,6,14,NADINE,34.5,-38.5,55,995
2012,10,2,12,14,NADINE,34.3,-37.9,55,995
2012,10,2,18,14,NADINE,34.3,-37.1,55,995
2012,10,3,0,14,NADINE,34.4,-36.2,50,998
2012,10,3,6,14,NADINE,34.6,-35.3,45,1000
2012,10,3,12,14,NADINE,34.9,-34.0,45,1000
2012,10,3,18,14,NADINE,35.4,-32.5,40,1000
2012,10,4,0,14,NADINE,36.3,-30.9,40,998
2012,10,4,6,14,NADINE,37.6,-29.1,40,996
2012,10,2,12,15,OSCAR,12.4,-38.0,25,1008
2012,10,2,18,15,OSCAR,13.6,-38.7,25,1008
2012,10,3,0,15,OSCAR,15.0,-39.6,30,1007
2012,10,3,6,15,OSCAR,16.3,-40.5,30,1006
2012,10,3,12,15,OSCAR,17.4,-41.2,30,1006
2012,10,3,18,15,OSCAR,18.2,-41.8,35,1005
2012,10,4,0,15,OSCAR,18.9,-42.1,40,1002
2012,10,4,6,15,OSCAR,19.5,-42.2,40,1001
2012,10,4,12,15,OSCAR,20.2,-42.0,45,998
2012,10,4,18,15,OSCAR,21.0,-41.5,45,996
2012,10,5,0,15,OSCAR,21.8,-40.6,45,995
2012,10,5,6,15,OSCAR,22.7,-39.4,45,994
2012,10,5,12,15,OSCAR,23.5,-37.8,45,994
2012,10,10,18,16,PATTY,25.5,-72.5,25,1012
2012,10,11,0,16,PATTY,25.4,-72.4,30,1010
2012,10,11,6,16,PATTY,25.4,-72.2,35,1009
2012,10,11,12,16,PATTY,25.5,-72.2,35,1008
2012,10,11,18,16,PATTY,25.6,-72.3,35,1007
2012,10,12,0,16,PATTY,25.5,-72.4,40,1005
2012,10,12,6,16,PATTY,25.4,-72.3,40,1005
2012,10,12,12,16,PATTY,25.3,-72.2,40,1006
2012,10,12,18,16,PATTY,25.4,-72.1,35,1007
2012,10,13,0,16,PATTY,25.4,-71.9,35,1007
2012,10,13,6,16,PATTY,25.3,-71.7,30,1008
2012,10,12,18,17,RAFAEL,14.7,-62.7,35,1006
2012,10,13,0,17,RAFAEL,15.0,-63.2,35,1007
2012,10,13,6,17,RAFAEL,15.3,-63.7,35,1006
2012,10,13,12,17,RAFAEL,15.6,-63.8,35,1006
2012,10,13,18,17,RAFAEL,16.7,-63.6,40,1004
2012,10,14,0,17,RAFAEL,17.9,-63.5,45,1004
2012,10,14,6,17,RAFAEL,18.9,-63.6,45,1003
2012,10,14,12,17,RAFAEL,19.7,-63.9,50,999
2012,10,14,18,17,RAFAEL,20.4,-64.3,55,994
2012,10,15,0,17,RAFAEL,21.3,-64.7,60,989
2012,10,15,6,17,RAFAEL,22.0,-65.2,65,986
2012,10,15,12,17,RAFAEL,22.6,-65.6,70,983
2012,10,15,18,17,RAFAEL,23.6,-65.8,75,979
2012,10,16,0,17,RAFAEL,24.6,-65.6,80,974
2012,10,16,6,17,RAFAEL,25.9,-65.3,80,972
2012,10,16,12,17,RAFAEL,27.6,-64.9,80,969
2012,10,16,18,17,RAFAEL,29.5,-64.2,75,970
2012,10,17,0,17,RAFAEL,31.6,-63.1,75,970
2012,10,17,6,17,RAFAEL,34.0,-61.7,70,972
2012,10,17,12,17,RAFAEL,36.5,-60.1,65,972
2012,10,17,18,17,RAFAEL,38.8,-58.0,65,972
2012,10,18,0,17,RAFAEL,41.3,-55.0,65,972
2012,10,18,6,17,RAFAEL,43.4,-50.7,60,972
2012,10,18,12,17,RAFAEL,45.2,-46.0,55,972
2012,10,18,18,17,RAFAEL,47.0,-41.0,55,973
2012,10,19,0,17,RAFAEL,49.2,-36.2,50,975
2012,10,19,6,17,RAFAEL,51.0,-32.5,50,973
2012,10,19,12,17,RAFAEL,53.0,-29.5,50,970
2012,10,19,18,17,RAFAEL,55.0,-30.0,50,968
2012,10,20,0,17,RAFAEL,56.5,-33.0,50,966
2012,10,20,6,17,RAFAEL,56.0,-37.0,50,966
2012,10,20,12,17,RAFAEL,53.1,-36.4,50,967
2012,10,20,18,17,RAFAEL,50.8,-34.3,50,970
2012,10,21,0,17,RAFAEL,49.7,-32.2,45,975
2012,10,21,6,17,RAFAEL,49.2,-31.1,40,978
2012,10,21,12,17,RAFAEL,48.2,-30.6,40,979
2012,10,21,18,17,RAFAEL,47.0,-30.8,40,982
2012,10,22,0,17,RAFAEL,45.5,-31.1,40,983
2012,10,22,6,17,RAFAEL,43.9,-29.8,40,985
2012,10,22,12,17,RAFAEL,41.9,-28.3,40,987
2012,10,22,18,17,RAFAEL,40.0,-27.0,40,989
2012,10,23,0,17,RAFAEL,39.2,-25.5,40,992
2012,10,23,6,17,RAFAEL,39.5,-24.5,40,992
2012,10,23,12,17,RAFAEL,39.8,-23.6,40,992
2012,10,23,18,17,RAFAEL,40.5,-22.1,40,992
2012,10,24,0,17,RAFAEL,41.2,-20.1,40,993
2012,10,24,6,17,RAFAEL,41.6,-18.8,40,995
2012,10,24,12,17,RAFAEL,42.1,-17.5,30,995
2012,10,24,18,17,RAFAEL,41.9,-16.0,30,995
2012,10,25,0,17,RAFAEL,41.6,-14.6,30,995
2012,10,25,6,17,RAFAEL,41.3,-13.3,30,995
2012,10,25,12,17,RAFAEL,41.0,-12.0,30,996
2012,10,25,18,17,RAFAEL,40.9,-11.2,30,997
2012,10,26,0,17,RAFAEL,40.7,-10.4,30,998
2012,10,26,6,17,RAFAEL,40.3,-9.1,30,999
2012,10,26,12,17,RAFAEL,40.0,-7.5,25,1002
2012,10,21,18,18,SANDY,14.3,-77.4,25,1006
2012,10,22,0,18,SANDY,13.9,-77.8,25,1005
2012,10,22,6,18,SANDY,13.5,-78.2,25,1003
2012,10,22,12,18,SANDY,13.1,-78.6,30,1002
2012,10,22,18,18,SANDY,12.7,-78.7,35,1000
2012,10,23,0,18,SANDY,12.6,-78.4,40,998
2012,10,23,6,18,SANDY,12.9,-78.1,40,998
2012,10,23,12,18,SANDY,13.4,-77.9,40,995
2012,10,23,18,18,SANDY,14.0,-77.6,45,993
2012,10,24,0,18,SANDY,14.7,-77.3,55,990
2012,10,24,6,18,SANDY,15.6,-77.1,60,987
2012,10,24,12,18,SANDY,16.6,-76.9,65,981
2012,10,24,18,18,SANDY,17.7,-76.7,75,972
2012,10,24,19,18,SANDY,17.9,-76.6,75,971
2012,10,25,0,18,SANDY,18.9,-76.4,85,964
2012,10,25,5,18,SANDY,20.0,-76.0,100,954
2012,10,25,6,18,SANDY,20.1,-76.0,100,954
2012,10,25,9,18,SANDY,20.9,-75.7,95,960
2012,10,25,12,18,SANDY,21.7,-75.5,95,966
2012,10,25,18,18,SANDY,23.3,-75.3,90,963
2012,10,26,0,18,SANDY,24.8,-75.9,75,965
2012,10,26,6,18,SANDY,25.7,-76.4,70,968
2012,10,26,12,18,SANDY,26.4,-76.9,65,970
2012,10,26,18,18,SANDY,27.0,-77.2,65,971
2012,10,27,0,18,SANDY,27.5,-77.1,60,969
2012,10,27,6,18,SANDY,28.1,-76.9,60,968
2012,10,27,12,18,SANDY,28.8,-76.5,70,956
2012,10,27,18,18,SANDY,29.7,-75.6,70,960
2012,10,28,0,18,SANDY,30.5,-74.7,65,960
2012,10,28,6,18,SANDY,31.3,-73.9,65,959
2012,10,28,12,18,SANDY,32.0,-73.0,65,954
2012,10,28,18,18,SANDY,32.8,-72.0,65,952
2012,10,29,0,18,SANDY,33.9,-71.0,70,950
2012,10,29,6,18,SANDY,35.3,-70.5,80,947
2012,10,29,12,18,SANDY,36.9,-71.0,85,945
2012,10,29,18,18,SANDY,38.3,-73.2,80,940
2012,10,29,21,18,SANDY,38.8,-74.0,75,943
2012,10,29,23,18,SANDY,39.4,-74.4,70,945
2012,10,30,0,18,SANDY,39.5,-74.5,70,946
2012,10,30,6,18,SANDY,39.9,-76.2,55,960
2012,10,30,12,18,SANDY,40.1,-77.8,50,978
2012,10,30,18,18,SANDY,40.4,-78.9,40,986
2012,10,31,0,18,SANDY,40.7,-79.8,35,992
2012,10,31,6,18,SANDY,41.1,-80.3,35,993
2012,10,31,12,18,SANDY,41.5,-80.7,30,995
2012,10,21,18,19,TONY,20.1,-50.8,25,1011
2012,10,22,0,19,TONY,20.4,-51.2,25,1011
2012,10,22,6,19,TONY,20.8,-51.5,25,1010
2012,10,22,12,19,TONY,21.3,-51.7,30,1009
2012,10,22,18,19,TONY,21.9,-51.8,30,1006
2012,10,23,0,19,TONY,22.5,-51.8,30,1006
2012,10,23,6,19,TONY,23.6,-51.6,30,1006
2012,10,23,12,19,TONY,24.7,-51.3,30,1006
2012,10,23,18,19,TONY,25.7,-50.6,30,1005
2012,10,24,0,19,TONY,26.5,-49.6,35,1004
2012,10,24,6,19,TONY,27.2,-48.5,40,1003
2012,10,24,12,19,TONY,27.9,-46.8,45,1000
2012,10,24,18,19,TONY,28.7,-44.7,45,1000
2012,10,25,0,19,TONY,29.5,-42.4,45,1000
2012,10,25,6,19,TONY,30.1,-40.0,45,1000
2012,10,25,12,19,TONY,30.6,-37.6,35,1000
2012,10,25,18,19,TONY,31.0,-35.1,35,1001
2012,10,26,0,19,TONY,31.3,-32.6,35,1001
2012,10,26,6,19,TONY,31.2,-30.5,30,1004
2012,10,26,12,19,TONY,30.9,-28.6,25,1006
